   0: -225.299  -3.996    1 -229.294    1 -229.294    1 -229.294   1.000   0.200   1.000 
   1: -144.601 -17.909    2 -162.510    2 -162.410    3 -206.540   1.000   0.200   1.068 
   2: -144.601 -16.477    2 -161.079    2 -163.201    3 -171.810   1.000   0.200   0.466 
   3: -144.601 -16.942    2 -161.543    2 -161.181    3 -172.771   1.000   0.200   0.684 
   4: -144.601 -16.340    2 -160.941    2 -160.866    2 -162.078   1.000   0.200   0.384 
   5: -144.601 -16.832    2 -161.433    2 -160.850    2 -162.108   1.000   0.200   0.636 
   6: -144.601 -16.214    2 -160.815    2 -160.877    2 -160.997   1.000   0.200   0.240 
   7: -144.601 -16.240    2 -160.842    2 -161.675    2 -160.816   1.000   0.200   0.185 
   8: -144.601 -16.228    2 -160.829    2 -161.237    2 -162.129   1.000   0.200   0.280 
   9: -144.601 -16.583    2 -161.185    2 -160.910    2 -160.941   1.000   0.200   0.521 
  10: -144.601 -16.226    2 -160.827    2 -160.870    2 -160.819   1.000   0.200   0.277 
  11: -144.601 -16.356    2 -160.957    2 -160.861    2 -160.817   1.000   0.200   0.394 
  12: -144.601 -16.257    2 -160.858    2 -160.820    2 -160.845   1.000   0.200   0.172 
  13: -144.601 -16.236    2 -160.837    2 -162.354    2 -161.446   1.000   0.200   0.292 
  14: -144.601 -16.214    2 -160.815    2 -161.103    3 -177.334   1.000   0.200   0.241 
  15: -144.601 -16.276    2 -160.877    2 -160.865    3 -177.519   1.000   0.200   0.334 
  16: -144.601 -16.269    2 -160.870    2 -161.719    3 -177.454   1.000   0.200   0.165 
  17: -144.601 -16.999    2 -161.600    2 -160.815    3 -177.251   1.000   0.200   0.708 
  18: -144.601 -17.943    2 -162.545    2 -160.839    3 -176.450   1.000   0.200   1.081 
  19: -144.601 -17.536    2 -162.138    2 -160.864    3 -178.467   1.000   0.200   0.924 
  20: -144.601 -17.331    2 -161.933    3 -175.614    3 -175.306   1.000   0.200   0.843 
  21: -144.601 -16.414    2 -161.015    4 -173.557    3 -173.401   1.000   0.200   0.430 
  22: -144.601 -16.278    2 -160.879    4 -44.296    3 -177.460   1.000   0.200   0.336 
  23: -12.763 -32.522    4 -45.284    2 -161.053    3 -177.684   1.000   0.200   0.184 
  24: -12.763 -33.015    4 -45.777    2 -161.089    3 -177.332   1.000   0.200   0.148 
  25: -12.763 -33.347    4 -46.110    2 -160.898    3 -172.815   1.000   0.200   0.129 
  26: -12.763 -33.077    4 -45.840    2 -161.685    3 -177.888   1.000   0.200   0.144 
  27: -12.763 -32.509    4 -45.272    2 -160.819    2 -160.890   1.000   0.200   0.185 
  28: -12.763 -32.244    4 -45.007    2 -160.865    2 -161.149   1.000   0.200   0.209 
  29: -12.763 -32.438    4 -45.201    2 -160.869    2 -161.277   1.000   0.200   0.191 
  30: -12.763 -31.021    4 -43.784    2 -161.280    2 -160.820   1.000   0.200   0.421 
  31: -12.763 -30.800    4 -43.563    2 -160.889    3 -172.099   1.000   0.200   0.510 
  32: -12.763 -31.408    4 -44.170    2 -161.002    2 -160.871   1.000   0.200   0.324 
  33: -12.763 -30.950    4 -43.713    2 -160.835    2 -160.832   1.000   0.200   0.445 
  34: -12.763 -31.229    4 -43.992    2 -160.825    2 -160.831   1.000   0.200   0.363 
  35: -12.763 -30.855    4 -43.617    2 -161.141    2 -160.873   1.000   0.200   0.483 
  36: -12.763 -30.680    4 -43.443    2 -161.701    2 -160.818   1.000   0.200   0.587 
  37: -12.763 -30.830    4 -43.593    2 -162.121    2 -160.977   1.000   0.200   0.495 
  38: -12.763 -30.935    4 -43.698    2 -161.396    2 -161.050   1.000   0.200   0.451 
  39: -12.763 -31.179    4 -43.942    2 -161.003    2 -161.148   1.000   0.200   0.375 
  40: -12.763 -30.963    4 -43.726    2 -161.321    2 -161.056   1.000   0.200   0.440 
   0: -225.299  -3.996    1 -229.294    1 -229.294    1 -229.294   1.000   0.200   1.000 
   1: -144.601 -17.909    2 -162.510    2 -162.410    3 -206.540   1.000   0.200   1.068 
   2: -144.601 -16.477    2 -161.079    2 -163.201    3 -171.810   1.000   0.200   0.466 
   3: -144.601 -16.942    2 -161.543    2 -161.181    3 -172.771   1.000   0.200   0.684 
   4: -144.601 -16.340    2 -160.941    2 -160.866    2 -162.078   1.000   0.200   0.384 
   5: -144.601 -16.832    2 -161.433    2 -160.850    2 -162.108   1.000   0.200   0.636 
   6: -144.601 -16.214    2 -160.815    2 -160.877    2 -160.997   1.000   0.200   0.240 
   7: -144.601 -16.240    2 -160.842    2 -161.675    2 -160.816   1.000   0.200   0.185 
   8: -144.601 -16.228    2 -160.829    2 -161.237    2 -162.129   1.000   0.200   0.280 
   9: -144.601 -16.583    2 -161.185    2 -160.910    2 -160.941   1.000   0.200   0.521 
  10: -144.601 -16.226    2 -160.827    2 -160.870    2 -160.819   1.000   0.200   0.277 
  11: -144.601 -16.356    2 -160.957    2 -160.861    2 -160.817   1.000   0.200   0.394 
  12: -144.601 -16.257    2 -160.858    2 -160.820    2 -160.845   1.000   0.200   0.172 
  13: -144.601 -16.236    2 -160.837    2 -162.354    2 -161.446   1.000   0.200   0.292 
  14: -144.601 -16.214    2 -160.815    2 -161.103    3 -177.334   1.000   0.200   0.241 
  15: -144.601 -16.276    2 -160.877    2 -160.865    3 -177.519   1.000   0.200   0.334 
  16: -144.601 -16.269    2 -160.870    2 -161.719    3 -177.454   1.000   0.200   0.165 
  17: -144.601 -16.999    2 -161.600    2 -160.815    3 -177.251   1.000   0.200   0.708 
  18: -144.601 -17.943    2 -162.545    2 -160.839    3 -176.450   1.000   0.200   1.081 
  19: -144.601 -17.536    2 -162.138    2 -160.864    3 -178.467   1.000   0.200   0.924 
  20: -144.601 -17.331    2 -161.933    3 -175.614    3 -175.306   1.000   0.200   0.843 
  21: -144.601 -16.414    2 -161.015    4 -173.557    3 -173.401   1.000   0.200   0.430 
  22: -144.601 -16.278    2 -160.879    4 -44.296    3 -177.460   1.000   0.200   0.336 
  23: -12.763 -32.522    4 -45.284    2 -161.053    3 -177.684   1.000   0.200   0.184 
  24: -12.763 -33.015    4 -45.777    2 -161.089    3 -177.332   1.000   0.200   0.148 
  25: -12.763 -33.347    4 -46.110    2 -160.898    3 -172.815   1.000   0.200   0.129 
  26: -12.763 -33.077    4 -45.840    2 -161.685    3 -177.888   1.000   0.200   0.144 
  27: -12.763 -32.509    4 -45.272    2 -160.819    2 -160.890   1.000   0.200   0.185 
  28: -12.763 -32.244    4 -45.007    2 -160.865    2 -161.149   1.000   0.200   0.209 
  29: -12.763 -32.438    4 -45.201    2 -160.869    2 -161.277   1.000   0.200   0.191 
  30: -12.763 -31.021    4 -43.784    2 -161.280    2 -160.820   1.000   0.200   0.421 
  31: -12.763 -30.800    4 -43.563    2 -160.889    3 -172.099   1.000   0.200   0.510 
  32: -12.763 -31.408    4 -44.170    2 -161.002    2 -160.871   1.000   0.200   0.324 
  33: -12.763 -30.950    4 -43.713    2 -160.835    2 -160.832   1.000   0.200   0.445 
  34: -12.763 -31.229    4 -43.992    2 -160.825    2 -160.831   1.000   0.200   0.363 
  35: -12.763 -30.855    4 -43.617    2 -161.141    2 -160.873   1.000   0.200   0.483 
  36: -12.763 -30.680    4 -43.443    2 -161.701    2 -160.818   1.000   0.200   0.587 
  37: -12.763 -30.830    4 -43.593    2 -162.121    2 -160.977   1.000   0.200   0.495 
  38: -12.763 -30.935    4 -43.698    2 -161.396    2 -161.050   1.000   0.200   0.451 
  39: -12.763 -31.179    4 -43.942    2 -161.003    2 -161.148   1.000   0.200   0.375 
  40: -12.763 -30.963    4 -43.726    2 -161.321    2 -161.056   1.000   0.200   0.440 
