   0: -82410.639 -4888.395 -5779.202 -17999.443 -52.121  -4.850  -4.178  -2.792  -2.792    1    4    3    3 -111144.412   1.000   0.200   1.000   0.200   1.000   0.200   1.000   0.200   1.000   0.200   1.000   1.000   1.000   1.000 
   0: -82410.639 -4888.395 -5779.202 -17999.443 -52.121  -4.850  -4.178  -2.792  -2.792    1    4    3    3 -111144.412   1.000   0.200   1.000   0.200   1.000   0.200   1.000   0.200   1.000   0.200   1.000   1.000   1.000   1.000 
   0: -82410.639 -4888.395 -5779.202 -17999.443 -52.121  -4.850  -4.178  -2.792  -2.792    1    4    3    3 -111144.412    1    4    3    3 -111144.412   1.000   0.200   1.000   0.200   1.000   0.200   1.000   0.200   1.000   0.200   1.000   1.000   1.000   1.000 
   0: -82410.639 -4888.395 -5779.202 -17999.443 -52.121  -4.850  -4.178  -2.792  -2.792    1    4    3    3 -111144.412    1    4    3    3 -111144.412   1.000   0.200   1.000   0.200   1.000   0.200   1.000   0.200   1.000   0.200   1.000   1.000   1.000   1.000 
   1: -46147.071 -2902.170 -3493.983 -9223.668 -52.121 -98.441  -4.178  -2.792  -2.792   31    4    3    3 -61927.215   32    4    3    3 -61936.266   1.000   0.200   1.000   0.200   1.000   0.200   1.000   0.200   1.000   0.200   2.347   1.000   1.000   1.000 
   2: -46147.071 -2902.170 -3493.983 -9223.668 -52.121 -85.046  -4.178  -2.792  -2.792   31    4    3    3 -61913.821   32    4    3    3 -61919.443   1.000   0.200   1.000   0.200   1.000   0.200   1.000   0.200   1.000   0.200   4.541   1.000   1.000   1.000 
   3: -46147.071 -2902.170 -3493.983 -9223.668 -52.121 -76.124  -4.178  -2.792  -2.792   31    4    3    3 -61904.898   35    4    3    3 -61913.726   1.000   0.200   1.000   0.200   1.000   0.200   1.000   0.200   1.000   0.200   8.886   1.000   1.000   1.000 
   4: -46147.071 -2902.170 -3493.983 -9223.668 -52.121 -79.842  -4.178  -2.792  -2.792   37    4    3    3 -61908.616   36    4    3    3 -61912.378   1.000   0.200   1.000   0.200   1.000   0.200   1.000   0.200   1.000   0.200  11.984   1.000   1.000   1.000 
   5: -46147.071 -2902.170 -3493.983 -9223.668 -52.121 -74.861  -4.178  -2.792  -2.792   40    4    3    3 -61903.636   35    4    3    3 -61910.988   1.000   0.200   1.000   0.200   1.000   0.200   1.000   0.200   1.000   0.200  26.005   1.000   1.000   1.000 
   6: -46147.071 -2902.170 -3493.983 -9223.668 -52.121 -76.075  -4.178  -2.792  -2.792   39    4    3    3 -61904.849   36    4    3    3 -61913.130   1.000   0.200   1.000   0.200   1.000   0.200   1.000   0.200   1.000   0.200  23.284   1.000   1.000   1.000 
   7: -46147.071 -2902.170 -3493.983 -9223.668 -52.121 -67.674  -4.178  -2.792  -2.792   42    4    3    3 -61896.448   36    4    3    3 -61912.032   1.000   0.200   1.000   0.200   1.000   0.200   1.000   0.200   1.000   0.200  19.962   1.000   1.000   1.000 
   8: -46147.071 -2902.170 -3493.983 -9223.668 -52.121 -71.026  -4.178  -2.792  -2.792   41    4    3    3 -61899.800   36    4    3    3 -61911.003   1.000   0.200   1.000   0.200   1.000   0.200   1.000   0.200   1.000   0.200  21.560   1.000   1.000   1.000 
