0 0 0 0 0 0 0 0 0 0 0 0 0 0 0 0 0 0 0 0 0 0 0 0 0 0 0 0 0 0 0 0 0 0 0 0 0 0 0 0 0 0 0 0 0 0 0 
0 0 0 0 0 0 0 0 0 0 0 0 0 0 0 0 0 0 0 0 0 0 0 0 0 0 0 0 0 0 0 0 0 0 0 0 0 0 0 0 0 0 0 0 0 0 0 
0 0 0 0 0 0 0 0 0 0 0 0 0 0 0 0 0 0 0 0 0 0 0 0 0 0 0 0 0 0 0 0 0 0 0 0 0 0 0 0 0 0 0 0 0 0 0 
0 0 0 0 0 0 0 0 0 0 0 0 0 0 0 0 0 0 0 0 0 0 0 0 0 0 0 0 0 0 0 0 0 0 0 0 0 0 0 0 0 0 0 0 0 0 0 
1 2 3 1 1 4 5 6 7 1 4 1 8 9 10 11 1 12 13 14 15 16 17 11 4 18 19 20 1 21 22 23 24 1 25 1 1 18 26 27 28 1 29 4 30 0 1 
4 3 5 1 4 1 6 7 8 1 1 4 9 1 12 11 1 13 14 15 16 17 19 11 1 18 20 21 1 22 23 24 25 1 26 1 1 18 27 28 10 1 29 2 0 30 1 
3 5 6 2 2 2 7 8 9 2 4 2 12 2 13 11 2 14 15 16 17 19 20 11 2 18 21 22 2 23 24 25 26 2 27 2 2 18 28 10 29 2 0 2 30 1 4 
36 6 29 2 30 7 8 9 31 12 36 2 32 13 14 11 2 15 16 17 19 20 21 11 12 18 22 33 23 24 25 26 27 2 34 36 28 18 10 5 0 13 35 3 1 4 13 
28 29 30 2 12 6 9 31 34 2 28 32 35 14 15 11 6 16 17 19 20 21 24 11 22 18 33 23 6 25 26 27 36 8 37 10 3 18 5 0 38 7 39 1 4 13 6 
29 30 32 12 9 6 31 34 2 28 6 35 14 29 33 11 16 17 19 20 21 24 22 11 6 18 23 25 9 26 27 36 8 6 10 3 5 18 0 37 7 15 1 4 13 38 9 
28 32 12 31 4 35 34 2 17 28 33 14 29 4 16 11 4 19 20 21 24 22 38 11 23 18 25 26 3 27 36 8 6 10 39 5 0 18 37 7 15 1 40 13 30 9 41 
35 12 31 19 34 34 2 17 28 33 14 29 16 29 4 11 0 20 21 24 22 38 23 11 29 18 26 3 27 36 8 6 10 25 5 37 13 18 7 15 1 32 30 32 9 39 40 
