  0: -42548.680 -2082.903 -1129.420 -9481.704 -1854.760  -4.871  -4.178  -2.792  -2.792    1    4    3    3 -57112.099    1    4    3    3 -57112.099   1.000   0.200   1.000   0.200   1.000   0.200   1.000   0.200   1.000   0.200   1.000   1.000   1.000   1.000 
loop 0   1: -36890.413 -1351.693 -1020.205 -7890.004 -1248.817 -102.512  -4.178  -2.792  -2.792   15    4    3    3 -48513.406   15    4    3    3 -48519.545   1.000   0.200   1.000   0.200   1.000   0.200   1.000   0.200   1.000   0.200   1.547   1.000   1.000   1.000 
loop 1   2: -36865.672 -1333.337 -1025.204 -7870.916 -1250.887 -102.468  -4.178  -2.792  -2.792   15    4    3    3 -48458.246   18    4    3    3 -48469.977   1.000   0.200   1.000   0.200   1.000   0.200   1.000   0.200   1.000   0.200   2.748   1.000   1.000   1.000 
loop 2****CS: 1.000000
   3: -36855.268 -1333.337 -1025.204 -7867.653 -1250.887 -110.973  -4.178  -2.792  -2.792   18    4    3    3 -48453.085   14    4    3    3 -48464.242   1.000   0.200   1.000   0.200   1.000   0.200   1.000   0.200   1.000   0.200   2.769   1.000   1.000   1.000 
loop 3   4: -36854.053 -1333.337 -1025.204 -7877.385 -1250.887 -109.894  -4.178  -2.792  -2.792   16    4    3    3 -48460.523   18    4    3    3 -48468.247   1.000   0.200   1.000   0.200   1.000   0.200   1.000   0.200   1.000   0.200   3.086   1.000   1.000   1.000 
loop 4   5: -36847.401 -1333.337 -1025.204 -7872.655 -1250.887 -106.574  -4.178  -2.792  -2.792   20    4    3    3 -48445.820   19    4    3    3 -48464.273   1.000   0.200   1.000   0.200   1.000   0.200   1.000   0.200   1.000   0.200   3.725   1.000   1.000   1.000 
loop 5****CS: 0.006333
   6: -36858.375 -1333.337 -1025.204 -7878.899 -1250.887 -107.972  -4.178  -2.792  -2.792   22    4    3    3 -48464.435   16    4    3    3 -48450.025   1.000   0.200   1.000   0.200   1.000   0.200   1.000   0.200   1.000   0.200   4.970   1.000   1.000   1.000 
loop 6****CS: 1.000000
   7: -36850.920 -1333.337 -1025.204 -7872.140 -1250.887 -108.871  -4.178  -2.792  -2.792   17    4    3    3 -48451.121   20    4    3    3 -48453.501   1.000   0.200   1.000   0.200   1.000   0.200   1.000   0.200   1.000   0.200   2.797   1.000   1.000   1.000 
loop 7   8: -36850.255 -1333.337 -1025.204 -7875.831 -1250.887 -110.342  -4.178  -2.792  -2.792   17    4    3    3 -48455.618   18    4    3    3 -48463.078   1.000   0.200   1.000   0.200   1.000   0.200   1.000   0.200   1.000   0.200   4.629   1.000   1.000   1.000 
loop 8   9: -36847.324 -1333.337 -1025.204 -7875.365 -1250.887 -110.638  -4.178  -2.792  -2.792   20    4    3    3 -48452.517   17    4    3    3 -48457.717   1.000   0.200   1.000   0.200   1.000   0.200   1.000   0.200   1.000   0.200   4.502   1.000   1.000   1.000 
loop 9****CS: 1.000000
  10: -36844.464 -1333.337 -1025.204 -7876.018 -1250.887 -108.478  -4.178  -2.792  -2.792   18    4    3    3 -48448.150   17    4    3    3 -48455.579   1.000   0.200   1.000   0.200   1.000   0.200   1.000   0.200   1.000   0.200   4.177   1.000   1.000   1.000 
loop 10****CS: 1.000000
  11: -36846.212 -1333.337 -1025.204 -7875.342 -1250.887 -110.904  -4.178  -2.792  -2.792   18    4    3    3 -48451.647   19    4    3    3 -48455.498   1.000   0.200   1.000   0.200   1.000   0.200   1.000   0.200   1.000   0.200   5.831   1.000   1.000   1.000 
loop 11  12: -36845.717 -1333.337 -1025.204 -7875.050 -1250.887 -108.010  -4.178  -2.792  -2.792   15    4    3    3 -48447.966   19    4    3    3 -48471.074   1.000   0.200   1.000   0.200   1.000   0.200   1.000   0.200   1.000   0.200   3.339   1.000   1.000   1.000 
loop 12****CS: 0.082528
  13: -36852.328 -1333.337 -1025.204 -7880.886 -1250.887 -106.061  -4.178  -2.792  -2.792   20    4    3    3 -48458.465   17    4    3    3 -48450.803   1.000   0.200   1.000   0.200   1.000   0.200   1.000   0.200   1.000   0.200   7.480   1.000   1.000   1.000 
loop 13  14: -36849.250 -1333.337 -1025.204 -7872.228 -1250.887 -104.284  -4.178  -2.792  -2.792   22    4    3    3 -48444.952   19    4    3    3 -48456.634   1.000   0.200   1.000   0.200   1.000   0.200   1.000   0.200   1.000   0.200   7.789   1.000   1.000   1.000 
loop 14  15: -36849.142 -1333.337 -1025.204 -7872.142 -1250.887 -105.894  -4.178  -2.792  -2.792   21    4    3    3 -48446.369   18    4    3    3 -48451.295   1.000   0.200   1.000   0.200   1.000   0.200   1.000   0.200   1.000   0.200   8.111   1.000   1.000   1.000 
loop 15****CS: 1.000000
  16: -36850.506 -1333.337 -1025.204 -7875.503 -1250.887 -105.789  -4.178  -2.792  -2.792   20    4    3    3 -48450.987   17    4    3    3 -48454.419   1.000   0.200   1.000   0.200   1.000   0.200   1.000   0.200   1.000   0.200   5.283   1.000   1.000   1.000 
loop 16****CS: 1.000000
  17: -36846.554 -1335.842 -1025.204 -7872.955 -1252.478 -111.719  -4.178  -2.792  -2.792   16    4    3    3 -48454.514   18    4    3    3 -48453.889   1.000   0.200   1.000   0.200   1.000   0.200   1.000   0.200   1.000   0.200   2.924   1.000   1.000   1.000 
loop 17  18: -36844.696 -1333.337 -1025.204 -7875.651 -1250.887 -109.157  -4.178  -2.792  -2.792   18    4    3    3 -48448.694   19    4    3    3 -48463.902   1.000   0.200   1.000   0.200   1.000   0.200   1.000   0.200   1.000   0.200   4.654   1.000   1.000   1.000 
loop 18  19: -36850.820 -1333.337 -1025.204 -7878.925 -1250.887 -108.006  -4.178  -2.792  -2.792   20    4    3    3 -48456.941   19    4    3    3 -48466.297   1.000   0.200   1.000   0.200   1.000   0.200   1.000   0.200   1.000   0.200   6.530   1.000   1.000   1.000 
loop 19  20: -36850.730 -1333.337 -1025.204 -7871.712 -1250.887 -108.134  -4.178  -2.792  -2.792   20    4    3    3 -48449.766   21    4    3    3 -48460.372   1.000   0.200   1.000   0.200   1.000   0.200   1.000   0.200   1.000   0.200   3.425   1.000   1.000   1.000 
loop 20****SM: 0.292011
  21: -36848.772 -1333.337 -1025.204 -7871.712 -1250.887 -112.125  -4.178  -2.792  -2.792   18    4    3    3 -48451.799   16    4    3    3 -48459.767   1.000   0.200   1.000   0.200   1.000   0.200   1.000   0.200   1.000   0.200   3.542   1.000   1.000   1.000 
loop 21  22: -36846.027 -1333.337 -1025.204 -7871.942 -1250.887 -108.864  -4.178  -2.792  -2.792   18    4    3    3 -48446.023   17    4    3    3 -48464.201   1.000   0.200   1.000   0.200   1.000   0.200   1.000   0.200   1.000   0.200   4.794   1.000   1.000   1.000 
loop 22  23: -36848.423 -1333.337 -1025.204 -7872.228 -1250.887 -108.370  -4.178  -2.792  -2.792   16    4    3    3 -48448.211   19    4    3    3 -48467.730   1.000   0.200   1.000   0.200   1.000   0.200   1.000   0.200   1.000   0.200   3.311   1.000   1.000   1.000 
loop 23  24: -36850.593 -1333.337 -1025.204 -7872.142 -1250.887 -110.272  -4.178  -2.792  -2.792   14    4    3    3 -48452.196   19    4    3    3 -48458.509   1.000   0.200   1.000   0.200   1.000   0.200   1.000   0.200   1.000   0.200   2.646   1.000   1.000   1.000 
loop 24****SM: 0.888011
  25: -36852.245 -1333.337 -1025.204 -7872.561 -1250.887 -106.294  -4.178  -2.792  -2.792   17    4    3    3 -48450.290   17    4    3    3 -48454.396   1.000   0.200   1.000   0.200   1.000   0.200   1.000   0.200   1.000   0.200   4.092   1.000   1.000   1.000 
loop 25****SM: 1.000000
  26: -36856.048 -1333.337 -1025.204 -7871.076 -1250.887 -106.036  -4.178  -2.792  -2.792   20    4    3    3 -48452.351   20    4    3    3 -48464.692   1.000   0.200   1.000   0.200   1.000   0.200   1.000   0.200   1.000   0.200   6.238   1.000   1.000   1.000 
loop 26  27: -36852.292 -1333.337 -1025.204 -7871.076 -1250.887 -106.512  -4.178  -2.792  -2.792   21    4    3    3 -48449.070   20    4    3    3 -48455.248   1.000   0.200   1.000   0.200   1.000   0.200   1.000   0.200   1.000   0.200   8.252   1.000   1.000   1.000 
loop 27  28: -36855.850 -1333.337 -1025.204 -7867.953 -1250.887 -108.525  -4.178  -2.792  -2.792   19    4    3    3 -48451.518   21    4    3    3 -48459.301   1.000   0.200   1.000   0.200   1.000   0.200   1.000   0.200   1.000   0.200   6.629   1.000   1.000   1.000 
loop 28  29: -36852.169 -1333.337 -1025.204 -7868.568 -1250.887 -112.250  -4.178  -2.792  -2.792   19    4    3    3 -48452.177   18    4    3    3 -48460.378   1.000   0.200   1.000   0.200   1.000   0.200   1.000   0.200   1.000   0.200   8.111   1.000   1.000   1.000 
loop 29  30: -36847.330 -1333.337 -1025.204 -7878.061 -1250.887 -107.049  -4.178  -2.792  -2.792   21    4    3    3 -48451.630   19    4    3    3 -48457.863   1.000   0.200   1.000   0.200   1.000   0.200   1.000   0.200   1.000   0.200   6.437   1.000   1.000   1.000 
loop 30****CS: 1.000000
  31: -36859.465 -1333.337 -1025.204 -7873.900 -1250.887 -107.573  -4.178  -2.792  -2.792   22    4    3    3 -48460.128   15    4    3    3 -48463.292   1.000   0.200   1.000   0.200   1.000   0.200   1.000   0.200   1.000   0.200   6.019   1.000   1.000   1.000 
loop 31  32: -36856.297 -1332.820 -1025.204 -7876.228 -1250.887 -107.627  -4.178  -2.792  -2.792   19    4    3    3 -48458.824   20    4    3    3 -48463.564   1.000   0.200   1.000   0.200   1.000   0.200   1.000   0.200   1.000   0.200   9.928   1.000   1.000   1.000 
loop 32****SM: 1.000000
****CS: 1.000000
  33: -36848.357 -1333.337 -1025.204 -7875.671 -1250.887 -108.310  -4.178  -2.792  -2.792   21    4    3    3 -48451.527   22    4    3    3 -48454.152   1.000   0.200   1.000   0.200   1.000   0.200   1.000   0.200   1.000   0.200   8.948   1.000   1.000   1.000 
loop 33****CS: 0.315075
  34: -36850.423 -1333.337 -1025.204 -7882.109 -1250.887 -107.193  -4.178  -2.792  -2.792   20    4    3    3 -48458.915   19    4    3    3 -48458.927   1.000   0.200   1.000   0.200   1.000   0.200   1.000   0.200   1.000   0.200   5.366   1.000   1.000   1.000 
loop 34  35: -36843.069 -1333.337 -1025.204 -7872.349 -1250.887 -113.359  -4.178  -2.792  -2.792   17    4    3    3 -48447.967   20    4    3    3 -48457.684   1.000   0.200   1.000   0.200   1.000   0.200   1.000   0.200   1.000   0.200   5.297   1.000   1.000   1.000 
loop 35  36: -36844.301 -1333.337 -1025.204 -7872.349 -1250.887 -110.706  -4.178  -2.792  -2.792   16    4    3    3 -48446.545   20    4    3    3 -48462.899   1.000   0.200   1.000   0.200   1.000   0.200   1.000   0.200   1.000   0.200   4.942   1.000   1.000   1.000 
loop 36  37: -36854.868 -1333.337 -1025.204 -7875.953 -1250.887 -111.213  -4.178  -2.792  -2.792   17    4    3    3 -48461.224   20    4    3    3 -48472.880   1.000   0.200   1.000   0.200   1.000   0.200   1.000   0.200   1.000   0.200   7.786   1.000   1.000   1.000 
loop 37  38: -36848.317 -1333.337 -1025.204 -7871.712 -1250.887 -109.700  -4.178  -2.792  -2.792   19    4    3    3 -48448.919   18    4    3    3 -48462.786   1.000   0.200   1.000   0.200   1.000   0.200   1.000   0.200   1.000   0.200   6.531   1.000   1.000   1.000 
loop 38  39: -36850.042 -1333.337 -1025.204 -7872.041 -1250.887 -109.487  -4.178  -2.792  -2.792   19    4    3    3 -48450.760   17    4    3    3 -48454.667   1.000   0.200   1.000   0.200   1.000   0.200   1.000   0.200   1.000   0.200   7.300   1.000   1.000   1.000 
loop 39  40: -36845.314 -1333.337 -1025.204 -7873.871 -1250.887 -110.125  -4.178  -2.792  -2.792   17    4    3    3 -48448.499   19    4    3    3 -48459.866   1.000   0.200   1.000   0.200   1.000   0.200   1.000   0.200   1.000   0.200   6.651   1.000   1.000   1.000 
