0 0 0 0 0 0 0 0 0 0 0 0 0 0 0 0 0 0 0 0 0 0 0 0 0 0 0 0 0 0 0 0 0 0 0 0 0 0 0 0 0 0 0 0 0 0 0 
1 2 2 2 1 2 3 4 5 1 6 1 7 0 6 7 1 3 0 7 8 8 9 7 0 8 10 7 0 11 12 7 11 12 1 2 7 8 3 7 9 3 13 14 11 0 0 
1 2 7 0 1 7 2 8 6 1 2 1 7 0 9 7 1 3 11 7 8 11 9 7 11 8 5 7 11 11 10 7 11 10 1 2 7 3 3 1 9 7 4 12 11 0 6 
1 2 7 0 1 7 2 8 6 1 2 1 7 0 9 7 1 3 11 7 8 11 9 7 11 8 4 7 11 11 10 7 11 10 1 2 7 3 3 4 9 11 5 12 11 0 0 
1 2 7 0 1 7 2 8 12 1 2 1 7 0 1 7 1 13 11 7 8 11 9 7 7 8 4 7 7 11 10 7 11 1 1 2 0 3 3 13 9 5 6 12 11 0 0 
1 7 7 0 2 7 2 3 12 1 2 1 7 0 6 7 1 4 11 7 8 11 9 7 7 8 10 7 1 11 13 7 11 1 1 2 12 3 3 5 9 2 2 6 11 0 0 
1 7 7 0 1 7 2 3 12 1 2 1 7 0 4 7 1 10 11 7 8 11 9 7 11 8 6 7 8 11 5 7 11 5 1 2 0 3 3 0 9 8 2 13 11 0 14 
1 7 7 0 1 7 2 3 12 1 2 1 7 0 10 7 1 6 16 7 8 16 9 7 7 8 13 7 11 16 5 7 16 4 1 2 11 3 3 4 9 11 2 14 16 0 15 
1 7 7 0 1 7 2 3 10 1 2 1 7 0 6 7 1 11 12 7 8 12 9 7 12 8 5 7 10 12 4 7 12 14 1 2 6 3 3 13 9 11 2 0 12 0 15 
1 7 7 0 1 7 2 3 10 1 2 1 7 0 5 7 1 13 12 7 8 12 9 7 7 8 6 7 4 12 14 7 12 11 1 2 15 3 3 0 9 0 2 15 12 0 16 
1 7 7 0 1 7 2 3 5 1 2 1 7 0 13 7 1 4 12 7 8 12 9 7 7 8 14 7 0 12 11 7 12 10 1 2 6 3 3 12 9 7 2 0 12 0 15 
1 7 7 0 1 7 2 3 13 1 2 1 7 0 9 7 1 4 12 7 8 12 9 7 7 8 11 7 8 12 10 7 12 6 1 2 0 3 3 14 9 1 2 5 12 0 4 
1 7 7 0 1 7 2 13 14 1 2 1 7 0 8 7 1 11 12 7 8 12 9 7 12 8 10 7 1 12 6 7 12 4 1 2 2 3 3 5 9 14 2 0 12 0 15 
1 7 7 0 1 7 2 3 5 1 2 1 7 0 9 7 1 11 12 7 8 12 9 7 7 8 6 7 2 12 4 7 12 13 1 2 10 3 3 10 9 2 2 10 12 0 0 
1 7 7 0 1 7 2 3 10 1 2 1 7 0 11 7 1 6 12 7 8 12 9 7 10 8 4 7 7 12 5 7 12 5 1 2 6 3 3 6 9 6 2 13 12 0 14 
1 7 7 0 1 7 2 3 10 1 2 1 7 0 4 7 1 6 12 7 8 12 9 7 7 8 11 7 7 12 5 7 12 5 1 2 12 3 3 1 9 6 2 4 12 0 0 
1 7 7 0 1 7 2 3 12 1 2 1 7 0 11 7 1 6 10 7 8 10 9 7 10 8 4 7 7 10 5 7 10 5 1 2 2 3 3 1 9 1 2 11 10 0 0 
1 7 7 0 1 7 2 3 6 1 2 1 7 0 9 7 1 4 10 7 8 10 9 7 7 8 12 7 7 10 5 7 10 11 1 2 6 3 3 3 9 7 2 6 10 0 4 
1 7 7 0 1 7 2 3 13 1 2 1 7 0 6 7 1 12 10 7 8 10 9 7 7 8 5 7 7 10 11 7 10 14 1 2 6 3 3 4 9 12 2 15 10 0 12 
1 7 7 0 1 7 2 3 12 1 2 1 7 0 11 7 1 5 10 7 8 10 9 7 10 8 6 7 2 10 4 7 10 4 1 2 0 3 3 10 9 7 2 0 10 0 13 
1 7 7 0 1 7 2 3 6 1 2 1 7 0 8 7 1 5 10 7 8 10 9 7 10 8 11 7 2 10 4 7 10 4 1 2 12 3 3 10 9 7 2 0 10 0 13 
1 7 7 0 1 7 2 3 5 1 2 1 7 0 8 7 1 6 10 7 8 10 9 7 7 8 11 7 7 10 4 7 10 12 1 2 0 3 3 10 9 4 2 13 10 0 5 
1 7 7 0 1 7 2 3 6 1 2 1 7 0 8 7 1 5 10 7 8 10 9 7 10 8 11 7 4 10 12 7 10 12 1 2 2 3 3 1 9 8 2 13 10 0 6 
1 7 7 0 1 7 2 3 5 1 2 1 7 0 6 7 1 11 10 7 8 10 9 7 7 8 4 7 7 10 12 7 10 12 1 2 2 3 3 0 9 13 2 0 10 0 6 
1 7 7 0 1 7 2 3 13 1 2 1 7 0 11 7 1 4 10 7 8 10 9 7 10 8 5 7 10 10 12 7 10 14 1 2 0 3 3 5 9 0 2 6 10 0 0 
1 7 7 0 1 7 2 3 11 1 2 1 7 0 4 7 1 14 10 7 8 10 9 7 7 8 12 7 5 10 13 7 10 13 1 2 15 3 3 1 9 6 2 5 10 0 16 
1 7 7 0 1 7 2 3 4 1 2 1 7 0 5 7 1 12 10 7 8 10 9 7 7 8 6 7 3 10 11 7 10 11 1 2 10 3 3 4 9 3 2 4 10 0 13 
1 7 7 0 1 7 2 3 5 1 2 1 7 0 9 7 1 4 10 7 8 10 9 7 7 8 11 7 1 10 6 7 10 1 1 2 10 3 3 5 9 1 2 0 10 0 4 
1 7 7 0 1 7 2 3 11 1 2 1 7 0 9 7 1 4 10 7 8 10 9 7 7 8 6 7 7 10 12 7 10 5 1 2 6 3 3 10 9 0 2 13 10 0 0 
1 7 7 0 1 7 2 3 11 1 2 1 7 0 4 7 1 6 10 7 8 10 9 7 7 8 12 7 0 10 5 7 10 5 1 2 0 3 3 10 9 3 2 4 10 0 0 
1 7 7 0 1 7 2 3 12 1 2 1 7 0 6 7 1 11 10 7 6 10 9 7 7 6 13 7 9 10 5 7 10 5 1 2 8 3 3 4 9 4 2 12 10 0 0 
1 7 7 0 1 7 2 3 14 1 2 1 7 0 11 7 1 13 10 7 6 10 9 7 7 6 4 7 7 10 5 7 10 8 1 2 0 3 3 10 9 12 2 14 10 0 0 
1 7 7 0 1 7 2 3 12 1 2 1 7 0 11 7 1 4 10 7 6 10 9 7 10 6 5 7 8 10 8 7 10 8 1 2 12 3 3 0 9 1 2 13 10 0 0 
1 7 7 0 1 7 2 3 11 1 2 1 7 0 12 7 1 5 10 7 6 10 9 7 7 6 13 7 1 10 8 7 10 4 1 2 0 3 3 0 9 1 2 14 10 0 0 
1 7 7 0 1 7 2 3 12 1 2 1 7 0 5 7 1 13 10 7 6 10 9 7 7 6 8 7 9 10 4 7 10 14 1 2 2 3 3 11 9 7 2 15 10 0 16 
1 7 7 0 1 7 2 6 12 1 2 1 7 0 13 7 1 8 10 7 6 10 9 7 4 6 14 7 2 10 4 7 10 11 1 2 5 3 3 5 9 6 2 15 10 0 16 
1 7 7 0 1 7 2 12 4 1 2 1 7 0 8 7 1 13 10 7 6 10 9 7 7 6 5 7 6 10 11 7 10 11 1 2 14 3 3 15 9 10 2 16 10 0 12 
1 7 7 0 1 7 2 6 8 1 2 1 7 0 12 7 1 5 10 7 6 10 9 7 10 6 4 7 8 10 11 7 10 11 1 2 2 3 3 9 9 7 2 3 10 0 8 
1 7 7 0 1 7 2 6 5 1 2 1 7 0 3 7 1 4 10 7 6 10 9 7 7 6 12 7 15 10 11 7 10 13 1 2 8 3 3 6 9 7 2 4 10 0 14 
1 7 7 0 1 7 2 6 8 1 2 1 7 0 12 7 1 5 10 7 6 10 9 7 7 6 11 7 7 10 4 7 10 4 1 2 0 3 3 11 9 2 2 3 10 0 12 
1 7 7 0 1 7 2 6 5 1 2 1 7 0 9 7 1 12 10 7 6 10 9 7 7 6 13 7 0 10 4 7 10 11 1 2 12 3 3 1 9 7 2 8 10 0 0 
1 7 7 0 1 7 2 6 13 1 2 1 7 0 8 7 1 5 10 7 6 10 9 7 7 6 4 7 7 10 11 7 10 12 1 2 2 3 3 6 9 13 2 14 10 0 15 
1 7 7 0 1 7 2 3 8 1 2 1 7 0 5 7 1 13 10 7 6 10 9 7 7 6 11 7 6 10 12 7 10 12 1 2 11 3 3 13 9 1 2 4 10 0 13 
1 7 7 0 1 7 2 3 5 1 2 1 7 0 9 7 2 13 10 7 6 10 9 7 10 6 4 7 2 10 12 7 10 11 1 2 2 3 3 1 9 3 2 8 10 0 0 
1 7 7 0 1 7 2 3 13 2 2 1 7 0 5 7 2 4 10 7 6 10 9 7 7 6 12 7 10 10 11 7 10 14 1 2 2 3 3 8 9 7 2 15 10 0 0 
1 7 7 0 1 7 2 3 5 2 2 1 7 0 4 7 2 12 10 7 6 10 9 7 10 6 8 7 4 10 11 7 10 14 1 2 10 3 3 13 9 7 2 13 10 0 15 
1 7 7 0 1 7 2 3 11 2 2 1 7 0 12 7 2 8 10 7 6 10 9 7 10 6 4 7 2 10 14 7 10 15 1 2 10 3 3 5 9 13 2 16 10 0 17 
1 7 7 0 1 7 2 3 13 2 2 1 7 0 8 7 2 11 10 7 6 10 9 7 7 6 12 7 14 10 4 7 10 5 1 2 12 3 3 14 9 10 2 14 10 0 0 
1 7 7 0 1 7 2 3 8 2 2 1 7 0 11 7 2 12 10 7 6 10 9 7 3 6 4 7 0 10 5 7 10 5 1 2 13 3 3 14 9 2 2 14 10 0 15 
1 7 7 0 1 7 2 3 11 2 2 1 7 0 9 7 2 4 10 7 6 10 9 7 10 6 12 7 9 10 5 7 10 5 1 2 13 3 3 1 9 4 2 8 10 0 14 
1 7 7 0 1 7 2 6 12 2 2 1 7 0 3 7 2 11 10 7 6 10 9 7 7 6 8 7 13 10 5 7 10 5 1 2 2 3 3 4 9 3 2 3 10 0 12 
