   0: -88619.479 -4224.694 -2189.556 -17154.757 -3879.268  -4.850  -4.178  -2.792  -2.792    1    4    3    3 -116082.366   1.000   0.200   1.000   0.200   1.000   0.200   1.000   0.200   1.000   0.200   1.000   1.000   1.000   1.000 
   1: -73577.707 -2396.181 -1893.827 -14244.044 -2081.938 -111.804  -4.178  -2.792  -2.792   20    4    3    3 -94315.262   1.000   0.200   1.000   0.200   1.000   0.200   1.000   0.200   1.000   0.200   1.964   1.000   1.000   1.000 
   2: -73459.421 -2400.976 -1893.827 -14236.731 -2081.938 -103.089  -4.178  -2.792  -2.792   19    4    3    3 -94185.745   1.000   0.200   1.000   0.200   1.000   0.200   1.000   0.200   1.000   0.200   3.688   1.000   1.000   1.000 
   3: -73467.183 -2400.976 -1893.827 -14232.157 -2081.938 -102.586  -4.178  -2.792  -2.792   21    4    3    3 -94188.430   1.000   0.200   1.000   0.200   1.000   0.200   1.000   0.200   1.000   0.200   7.397   1.000   1.000   1.000 
   4: -73455.486 -2400.976 -1893.827 -14231.451 -2081.938 -103.574  -4.178  -2.792  -2.792   23    4    3    3 -94177.016   1.000   0.200   1.000   0.200   1.000   0.200   1.000   0.200   1.000   0.200   7.166   1.000   1.000   1.000 
   5: -73462.433 -2400.976 -1893.827 -14231.209 -2081.938 -101.708  -4.178  -2.792  -2.792   23    4    3    3 -94181.855   1.000   0.200   1.000   0.200   1.000   0.200   1.000   0.200   1.000   0.200   9.329   1.000   1.000   1.000 
   6: -73472.428 -2400.976 -1893.827 -14231.451 -2081.938 -108.970  -4.178  -2.792  -2.792   21    4    3    3 -94199.354   1.000   0.200   1.000   0.200   1.000   0.200   1.000   0.200   1.000   0.200  12.434   1.000   1.000   1.000 
   7: -73463.403 -2400.976 -1893.827 -14231.451 -2081.938 -106.045  -4.178  -2.792  -2.792   22    4    3    3 -94187.404   1.000   0.200   1.000   0.200   1.000   0.200   1.000   0.200   1.000   0.200  11.004   1.000   1.000   1.000 
   8: -73470.249 -2399.764 -1893.827 -14230.801 -2081.938 -104.527  -4.178  -2.792  -2.792   24    4    3    3 -94190.868   1.000   0.200   1.000   0.200   1.000   0.200   1.000   0.200   1.000   0.200   5.533   1.000   1.000   1.000 
   9: -73448.445 -2400.976 -1893.827 -14231.451 -2081.938 -107.175  -4.178  -2.792  -2.792   20    4    3    3 -94173.576   1.000   0.200   1.000   0.200   1.000   0.200   1.000   0.200   1.000   0.200   6.684   1.000   1.000   1.000 
  10: -73455.295 -2400.976 -1893.827 -14232.272 -2081.938 -101.117  -4.178  -2.792  -2.792   24    4    3    3 -94175.188   1.000   0.200   1.000   0.200   1.000   0.200   1.000   0.200   1.000   0.200   7.584   1.000   1.000   1.000 
  11: -73449.241 -2400.976 -1893.827 -14235.960 -2081.938 -107.382  -4.178  -2.792  -2.792   21    4    3    3 -94179.087   1.000   0.200   1.000   0.200   1.000   0.200   1.000   0.200   1.000   0.200   4.951   1.000   1.000   1.000 
  12: -73446.448 -2400.976 -1893.827 -14231.451 -2081.938 -108.019  -4.178  -2.792  -2.792   21    4    3    3 -94172.422   1.000   0.200   1.000   0.200   1.000   0.200   1.000   0.200   1.000   0.200   8.343   1.000   1.000   1.000 
  13: -73445.855 -2400.976 -1893.827 -14235.973 -2081.938 -105.545  -4.178  -2.792  -2.792   21    4    3    3 -94173.877   1.000   0.200   1.000   0.200   1.000   0.200   1.000   0.200   1.000   0.200   5.009   1.000   1.000   1.000 
  14: -73448.446 -2400.976 -1893.827 -14231.451 -2081.938 -108.550  -4.178  -2.792  -2.792   20    4    3    3 -94174.951   1.000   0.200   1.000   0.200   1.000   0.200   1.000   0.200   1.000   0.200   3.781   1.000   1.000   1.000 
  15: -73448.263 -2400.976 -1893.827 -14231.451 -2081.938 -113.556  -4.178  -2.792  -2.792   20    4    3    3 -94179.775   1.000   0.200   1.000   0.200   1.000   0.200   1.000   0.200   1.000   0.200   2.430   1.000   1.000   1.000 
  16: -73446.813 -2400.976 -1893.827 -14231.451 -2081.938 -107.688  -4.178  -2.792  -2.792   19    4    3    3 -94172.456   1.000   0.200   1.000   0.200   1.000   0.200   1.000   0.200   1.000   0.200   3.313   1.000   1.000   1.000 
  17: -73445.569 -2400.976 -1893.827 -14231.451 -2081.938 -108.430  -4.178  -2.792  -2.792   19    4    3    3 -94171.954   1.000   0.200   1.000   0.200   1.000   0.200   1.000   0.200   1.000   0.200   4.370   1.000   1.000   1.000 
  18: -73447.904 -2400.976 -1893.827 -14231.451 -2081.938 -107.955  -4.178  -2.792  -2.792   20    4    3    3 -94173.814   1.000   0.200   1.000   0.200   1.000   0.200   1.000   0.200   1.000   0.200   4.096   1.000   1.000   1.000 
  19: -73446.024 -2400.976 -1893.827 -14231.451 -2081.938 -109.255  -4.178  -2.792  -2.792   18    4    3    3 -94173.234   1.000   0.200   1.000   0.200   1.000   0.200   1.000   0.200   1.000   0.200   5.390   1.000   1.000   1.000 
  20: -73443.753 -2400.976 -1893.827 -14231.451 -2081.938 -110.133  -4.178  -2.792  -2.792   18    4    3    3 -94171.842   1.000   0.200   1.000   0.200   1.000   0.200   1.000   0.200   1.000   0.200   9.671   1.000   1.000   1.000 
  21: -73448.239 -2400.976 -1893.827 -14235.140 -2081.938 -102.166  -4.178  -2.792  -2.792   22    4    3    3 -94172.048   1.000   0.200   1.000   0.200   1.000   0.200   1.000   0.200   1.000   0.200  10.383   1.000   1.000   1.000 
  22: -73446.630 -2400.976 -1893.827 -14231.451 -2081.938 -104.793  -4.178  -2.792  -2.792   21    4    3    3 -94169.378   1.000   0.200   1.000   0.200   1.000   0.200   1.000   0.200   1.000   0.200   7.441   1.000   1.000   1.000 
  23: -73450.959 -2400.976 -1893.827 -14231.451 -2081.938 -108.231  -4.178  -2.792  -2.792   18    4    3    3 -94177.145   1.000   0.200   1.000   0.200   1.000   0.200   1.000   0.200   1.000   0.200   5.005   1.000   1.000   1.000 
  24: -73452.434 -2400.976 -1893.827 -14232.285 -2081.938 -104.313  -4.178  -2.792  -2.792   19    4    3    3 -94175.536   1.000   0.200   1.000   0.200   1.000   0.200   1.000   0.200   1.000   0.200   4.182   1.000   1.000   1.000 
  25: -73447.653 -2400.976 -1893.827 -14231.483 -2081.938 -105.875  -4.178  -2.792  -2.792   21    4    3    3 -94171.515   1.000   0.200   1.000   0.200   1.000   0.200   1.000   0.200   1.000   0.200   5.361   1.000   1.000   1.000 
  26: -73445.383 -2400.976 -1893.827 -14231.483 -2081.938 -104.537  -4.178  -2.792  -2.792   20    4    3    3 -94167.907   1.000   0.200   1.000   0.200   1.000   0.200   1.000   0.200   1.000   0.200   4.862   1.000   1.000   1.000 
  27: -73451.237 -2400.976 -1893.827 -14231.483 -2081.938 -106.546  -4.178  -2.792  -2.792   20    4    3    3 -94175.770   1.000   0.200   1.000   0.200   1.000   0.200   1.000   0.200   1.000   0.200   5.681   1.000   1.000   1.000 
  28: -73447.653 -2400.976 -1893.827 -14231.483 -2081.938 -103.931  -4.178  -2.792  -2.792   19    4    3    3 -94169.571   1.000   0.200   1.000   0.200   1.000   0.200   1.000   0.200   1.000   0.200   6.431   1.000   1.000   1.000 
  29: -73447.653 -2400.976 -1893.827 -14231.483 -2081.938 -104.819  -4.178  -2.792  -2.792   20    4    3    3 -94170.459   1.000   0.200   1.000   0.200   1.000   0.200   1.000   0.200   1.000   0.200   3.604   1.000   1.000   1.000 
  30: -73447.292 -2400.976 -1893.827 -14231.483 -2081.938 -104.212  -4.178  -2.792  -2.792   19    4    3    3 -94169.491   1.000   0.200   1.000   0.200   1.000   0.200   1.000   0.200   1.000   0.200   4.987   1.000   1.000   1.000 
  31: -73453.761 -2400.976 -1893.827 -14232.991 -2081.938 -104.425  -4.178  -2.792  -2.792   20    4    3    3 -94177.681   1.000   0.200   1.000   0.200   1.000   0.200   1.000   0.200   1.000   0.200   5.648   1.000   1.000   1.000 
  32: -73446.630 -2400.976 -1893.827 -14231.451 -2081.938 -106.357  -4.178  -2.792  -2.792   19    4    3    3 -94170.942   1.000   0.200   1.000   0.200   1.000   0.200   1.000   0.200   1.000   0.200   6.848   1.000   1.000   1.000 
  33: -73447.904 -2400.976 -1893.827 -14231.451 -2081.938 -109.302  -4.178  -2.792  -2.792   19    4    3    3 -94175.161   1.000   0.200   1.000   0.200   1.000   0.200   1.000   0.200   1.000   0.200   4.338   1.000   1.000   1.000 
  34: -73449.911 -2400.976 -1893.827 -14236.511 -2081.938 -104.592  -4.178  -2.792  -2.792   21    4    3    3 -94177.517   1.000   0.200   1.000   0.200   1.000   0.200   1.000   0.200   1.000   0.200   6.424   1.000   1.000   1.000 
  35: -73425.945 -2400.976 -1893.827 -14235.140 -2081.938 -106.215  -4.178  -2.792  -2.792   19    4    3    3 -94153.804   1.000   0.200   1.000   0.200   1.000   0.200   1.000   0.200   1.000   0.200   5.521   1.000   1.000   1.000 
  36: -73421.294 -2400.976 -1893.827 -14232.307 -2081.938 -109.553  -4.178  -2.792  -2.792   18    4    3    3 -94149.659   1.000   0.200   1.000   0.200   1.000   0.200   1.000   0.200   1.000   0.200   2.679   1.000   1.000   1.000 
  37: -73423.723 -2400.976 -1893.827 -14232.307 -2081.938 -108.660  -4.178  -2.792  -2.792   18    4    3    3 -94151.194   1.000   0.200   1.000   0.200   1.000   0.200   1.000   0.200   1.000   0.200   3.585   1.000   1.000   1.000 
  38: -73429.824 -2400.976 -1893.827 -14232.157 -2081.938 -104.073  -4.178  -2.792  -2.792   19    4    3    3 -94152.558   1.000   0.200   1.000   0.200   1.000   0.200   1.000   0.200   1.000   0.200   8.509   1.000   1.000   1.000 
  39: -73424.138 -2400.976 -1893.827 -14232.307 -2081.938 -103.018  -4.178  -2.792  -2.792   21    4    3    3 -94145.966   1.000   0.200   1.000   0.200   1.000   0.200   1.000   0.200   1.000   0.200   9.163   1.000   1.000   1.000 
  40: -73433.561 -2400.976 -1893.827 -14236.196 -2081.938 -106.008  -4.178  -2.792  -2.792   20    4    3    3 -94162.268   1.000   0.200   1.000   0.200   1.000   0.200   1.000   0.200   1.000   0.200   7.492   1.000   1.000   1.000 
  41: -73428.428 -2399.764 -1893.827 -14231.656 -2081.938 -103.406  -4.178  -2.792  -2.792   20    4    3    3 -94148.783   1.000   0.200   1.000   0.200   1.000   0.200   1.000   0.200   1.000   0.200   6.574   1.000   1.000   1.000 
  42: -73424.138 -2400.976 -1893.827 -14232.307 -2081.938 -107.733  -4.178  -2.792  -2.792   19    4    3    3 -94150.682   1.000   0.200   1.000   0.200   1.000   0.200   1.000   0.200   1.000   0.200   3.449   1.000   1.000   1.000 
  43: -73423.061 -2400.976 -1893.827 -14235.996 -2081.938 -110.142  -4.178  -2.792  -2.792   19    4    3    3 -94155.702   1.000   0.200   1.000   0.200   1.000   0.200   1.000   0.200   1.000   0.200   2.647   1.000   1.000   1.000 
  44: -73419.447 -2400.976 -1893.827 -14237.123 -2081.938 -105.966  -4.178  -2.792  -2.792   18    4    3    3 -94149.040   1.000   0.200   1.000   0.200   1.000   0.200   1.000   0.200   1.000   0.200   3.795   1.000   1.000   1.000 
  45: -73428.540 -2400.976 -1893.827 -14232.307 -2081.938 -105.279  -4.178  -2.792  -2.792   18    4    3    3 -94152.630   1.000   0.200   1.000   0.200   1.000   0.200   1.000   0.200   1.000   0.200   5.269   1.000   1.000   1.000 
  46: -73421.294 -2400.976 -1893.827 -14232.307 -2081.938 -104.763  -4.178  -2.792  -2.792   18    4    3    3 -94144.869   1.000   0.200   1.000   0.200   1.000   0.200   1.000   0.200   1.000   0.200   6.923   1.000   1.000   1.000 
  47: -73421.294 -2400.976 -1893.827 -14232.307 -2081.938 -106.949  -4.178  -2.792  -2.792   18    4    3    3 -94147.054   1.000   0.200   1.000   0.200   1.000   0.200   1.000   0.200   1.000   0.200   4.038   1.000   1.000   1.000 
  48: -73425.703 -2400.976 -1893.827 -14232.307 -2081.938 -106.857  -4.178  -2.792  -2.792   19    4    3    3 -94151.371   1.000   0.200   1.000   0.200   1.000   0.200   1.000   0.200   1.000   0.200   6.004   1.000   1.000   1.000 
  49: -73419.289 -2400.976 -1893.827 -14237.123 -2081.938 -105.922  -4.178  -2.792  -2.792   20    4    3    3 -94148.838   1.000   0.200   1.000   0.200   1.000   0.200   1.000   0.200   1.000   0.200   4.769   1.000   1.000   1.000 
  50: -73422.117 -2400.976 -1893.827 -14237.366 -2081.938 -109.613  -4.178  -2.792  -2.792   18    4    3    3 -94155.600   1.000   0.200   1.000   0.200   1.000   0.200   1.000   0.200   1.000   0.200   4.259   1.000   1.000   1.000 
