0 0 0 0 0 0 0 0 0 0 0 0 0 0 0 0 0 0 0 0 0 0 0 0 0 0 0 0 0 0 0 0 0 0 0 0 0 0 0 0 0 0 0 0 0 0 0 
1 2 3 4 5 6 7 8 9 10 11 12 13 14 15 16 10 17 18 19 20 21 22 16 23 24 25 26 23 27 28 29 30 28 31 32 33 24 34 35 36 33 37 38 39 0 40 
2 3 4 5 6 7 8 9 11 10 12 13 14 15 17 16 10 18 19 20 21 22 27 16 25 24 26 23 38 29 28 30 32 31 31 34 33 24 35 36 37 38 39 33 0 1 40 
3 4 5 6 7 8 9 11 12 10 13 14 15 17 18 16 10 19 20 21 22 27 25 16 26 24 23 40 29 28 30 32 31 30 34 0 35 24 36 37 38 39 33 39 1 2 41 
4 5 6 7 8 9 11 12 41 13 14 15 17 18 10 16 19 20 21 22 27 25 26 16 23 24 40 29 28 32 30 31 34 30 0 35 36 24 37 38 42 33 39 1 2 3 43 
5 6 7 8 9 11 12 41 13 19 15 17 18 10 42 16 20 21 22 27 25 26 23 16 40 24 29 28 32 31 30 34 0 30 35 36 37 24 38 14 33 39 1 2 3 4 43 
6 7 8 9 11 12 41 13 19 20 17 18 10 15 42 16 21 22 27 25 26 23 40 16 29 24 28 32 31 34 30 0 35 30 36 37 38 24 14 33 39 1 2 3 4 5 43 
7 8 9 11 12 41 13 19 20 17 18 10 15 42 21 16 22 27 25 26 23 40 29 16 14 28 32 31 34 0 30 35 37 36 36 38 24 28 33 39 1 2 3 4 5 6 43 
8 9 11 12 41 13 19 20 17 18 10 15 42 21 22 16 27 25 26 23 40 29 14 16 32 28 31 34 0 30 35 37 36 35 38 24 33 28 39 1 2 3 4 5 6 7 43 
9 11 12 41 13 19 20 17 18 10 15 42 21 22 27 16 25 26 23 40 29 14 32 16 31 28 34 0 30 37 35 36 38 35 24 33 43 39 1 2 3 4 5 6 7 8 44 
11 12 41 13 19 20 17 18 10 25 34 21 22 27 26 16 25 23 40 29 14 32 31 16 28 39 0 30 37 36 35 38 24 35 33 15 42 1 2 3 4 5 6 7 8 9 43 
12 41 13 19 20 17 18 10 34 25 21 22 27 26 0 16 23 40 29 14 32 31 28 16 39 1 30 37 36 38 35 24 33 35 15 42 2 1 3 4 5 6 7 8 9 11 43 
3 13 19 20 17 18 10 34 25 23 22 27 26 0 40 16 23 29 14 32 31 28 39 16 30 1 37 36 38 24 35 33 15 35 21 2 6 1 4 5 7 6 8 9 11 12 41 
13 19 20 17 18 10 34 25 22 23 27 26 0 40 37 16 29 14 32 31 28 39 30 16 9 1 36 38 24 33 35 15 21 35 2 41 4 1 5 7 6 8 42 11 12 3 43 
19 20 17 18 10 34 25 22 23 29 26 0 40 37 14 16 29 32 31 28 39 30 9 16 36 1 38 24 4 15 35 21 2 35 33 41 5 1 7 6 8 27 11 12 3 13 42 
20 17 18 10 34 25 22 23 32 26 0 40 37 14 29 16 26 31 28 39 30 9 36 16 38 1 24 4 15 21 35 2 41 33 33 5 7 1 6 8 27 11 12 3 13 19 42 
17 18 10 34 25 22 23 32 31 0 40 37 14 29 26 16 0 28 39 30 9 36 38 16 24 1 4 15 21 35 2 41 33 2 5 7 6 1 8 27 11 12 3 13 19 20 42 
18 10 34 25 22 23 32 31 42 40 37 14 29 26 0 16 28 39 30 9 36 38 24 16 4 1 15 21 35 41 2 33 5 2 7 6 8 1 27 11 12 3 13 19 20 17 43 
10 34 25 22 23 32 31 37 40 28 14 29 26 0 27 16 39 30 9 36 38 24 4 16 41 15 21 35 3 33 2 5 7 2 6 8 1 15 11 12 42 13 19 20 17 18 43 
34 25 22 23 32 31 37 17 28 39 29 26 0 27 30 16 39 9 36 38 24 4 11 16 21 15 35 3 33 5 2 7 8 6 6 1 33 15 12 14 13 19 20 33 18 10 40 
25 22 23 32 31 37 17 28 9 29 26 0 27 30 39 16 29 36 38 24 4 11 21 16 35 15 3 40 5 2 7 8 6 7 1 41 12 15 14 13 19 20 33 18 10 34 42 
