   0: -73487.751 -4224.694 -2189.556 -17154.757 -52.121  -4.850  -4.178  -2.792  -2.792    1    4    3    3 -97123.491   1.000   0.200   1.000   0.200   1.000   0.200   1.000   0.200   1.000   0.200   1.000   1.000   1.000   1.000 
   1: -63439.506 -2402.108 -1895.995 -14248.042 -52.121 -108.369  -4.178  -2.792  -2.792   15    4    3    3 -82155.903   1.000   0.200   1.000   0.200   1.000   0.200   1.000   0.200   1.000   0.200   1.571   1.000   1.000   1.000 
   2: -63363.156 -2402.108 -1886.160 -14228.472 -52.121 -104.137  -4.178  -2.792  -2.792   13    4    3    3 -82045.916   1.000   0.200   1.000   0.200   1.000   0.200   1.000   0.200   1.000   0.200   1.619   1.000   1.000   1.000 
   3: -63360.711 -2402.108 -1886.160 -14231.493 -52.121 -102.963  -4.178  -2.792  -2.792   13    4    3    3 -82045.318   1.000   0.200   1.000   0.200   1.000   0.200   1.000   0.200   1.000   0.200   3.184   1.000   1.000   1.000 
   4: -63352.595 -2401.568 -1887.132 -14245.316 -52.121 -101.158  -4.178  -2.792  -2.792   14    4    3    3 -82049.652   1.000   0.200   1.000   0.200   1.000   0.200   1.000   0.200   1.000   0.200   3.325   1.000   1.000   1.000 
   5: -63332.748 -2401.568 -1887.132 -14240.953 -52.121 -101.874  -4.178  -2.792  -2.792   14    4    3    3 -82026.158   1.000   0.200   1.000   0.200   1.000   0.200   1.000   0.200   1.000   0.200   5.009   1.000   1.000   1.000 
   6: -63338.300 -2402.108 -1886.160 -14227.409 -52.121 -104.574  -4.178  -2.792  -2.792   15    4    3    3 -82020.434   1.000   0.200   1.000   0.200   1.000   0.200   1.000   0.200   1.000   0.200   7.636   1.000   1.000   1.000 
   7: -63341.266 -2398.471 -1886.160 -14229.921 -52.121 -102.665  -4.178  -2.792  -2.792   17    4    3    3 -82020.366   1.000   0.200   1.000   0.200   1.000   0.200   1.000   0.200   1.000   0.200   6.396   1.000   1.000   1.000 
   8: -63341.084 -2398.471 -1886.160 -14229.921 -52.121 -103.968  -4.178  -2.792  -2.792   16    4    3    3 -82021.488   1.000   0.200   1.000   0.200   1.000   0.200   1.000   0.200   1.000   0.200   4.430   1.000   1.000   1.000 
   9: -63341.266 -2398.471 -1886.160 -14229.921 -52.121 -100.735  -4.178  -2.792  -2.792   17    4    3    3 -82018.437   1.000   0.200   1.000   0.200   1.000   0.200   1.000   0.200   1.000   0.200   6.119   1.000   1.000   1.000 
  10: -63341.266 -2398.471 -1886.160 -14229.921 -52.121 -98.184  -4.178  -2.792  -2.792   16    4    3    3 -82015.886   1.000   0.200   1.000   0.200   1.000   0.200   1.000   0.200   1.000   0.200   3.940   1.000   1.000   1.000 
  11: -63341.266 -2398.471 -1886.160 -14229.921 -52.121 -102.787  -4.178  -2.792  -2.792   15    4    3    3 -82020.488   1.000   0.200   1.000   0.200   1.000   0.200   1.000   0.200   1.000   0.200   6.389   1.000   1.000   1.000 
  12: -63344.750 -2398.471 -1886.160 -14229.921 -52.121 -100.792  -4.178  -2.792  -2.792   16    4    3    3 -82021.978   1.000   0.200   1.000   0.200   1.000   0.200   1.000   0.200   1.000   0.200   4.653   1.000   1.000   1.000 
  13: -63337.775 -2398.471 -1886.160 -14232.942 -52.121 -102.181  -4.178  -2.792  -2.792   14    4    3    3 -82019.413   1.000   0.200   1.000   0.200   1.000   0.200   1.000   0.200   1.000   0.200   2.852   1.000   1.000   1.000 
  14: -63342.633 -2402.108 -1886.160 -14227.409 -52.121 -108.565  -4.178  -2.792  -2.792   15    4    3    3 -82028.759   1.000   0.200   1.000   0.200   1.000   0.200   1.000   0.200   1.000   0.200   1.495   1.000   1.000   1.000 
  15: -63335.290 -2402.108 -1886.160 -14231.682 -52.121 -103.078  -4.178  -2.792  -2.792   13    4    3    3 -82020.201   1.000   0.200   1.000   0.200   1.000   0.200   1.000   0.200   1.000   0.200   1.924   1.000   1.000   1.000 
  16: -63334.809 -2402.108 -1886.160 -14230.430 -52.121 -101.839  -4.178  -2.792  -2.792   13    4    3    3 -82017.229   1.000   0.200   1.000   0.200   1.000   0.200   1.000   0.200   1.000   0.200   2.023   1.000   1.000   1.000 
  17: -63341.266 -2398.471 -1886.160 -14229.921 -52.121 -101.528  -4.178  -2.792  -2.792   13    4    3    3 -82019.230   1.000   0.200   1.000   0.200   1.000   0.200   1.000   0.200   1.000   0.200   3.988   1.000   1.000   1.000 
  18: -63341.266 -2398.471 -1886.160 -14229.921 -52.121 -102.168  -4.178  -2.792  -2.792   16    4    3    3 -82019.870   1.000   0.200   1.000   0.200   1.000   0.200   1.000   0.200   1.000   0.200   3.148   1.000   1.000   1.000 
  19: -63338.300 -2402.108 -1886.160 -14227.409 -52.121 -100.044  -4.178  -2.792  -2.792   14    4    3    3 -82015.904   1.000   0.200   1.000   0.200   1.000   0.200   1.000   0.200   1.000   0.200   3.627   1.000   1.000   1.000 
  20: -63338.300 -2402.108 -1886.160 -14227.409 -52.121 -101.068  -4.178  -2.792  -2.792   14    4    3    3 -82016.928   1.000   0.200   1.000   0.200   1.000   0.200   1.000   0.200   1.000   0.200   2.869   1.000   1.000   1.000 
  21: -63341.266 -2398.471 -1886.160 -14229.921 -52.121 -102.109  -4.178  -2.792  -2.792   14    4    3    3 -82019.811   1.000   0.200   1.000   0.200   1.000   0.200   1.000   0.200   1.000   0.200   5.090   1.000   1.000   1.000 
  22: -63338.300 -2402.108 -1886.160 -14227.409 -52.121 -102.940  -4.178  -2.792  -2.792   14    4    3    3 -82018.801   1.000   0.200   1.000   0.200   1.000   0.200   1.000   0.200   1.000   0.200   3.573   1.000   1.000   1.000 
  23: -63338.482 -2402.108 -1886.160 -14227.409 -52.121 -101.297  -4.178  -2.792  -2.792   14    4    3    3 -82017.339   1.000   0.200   1.000   0.200   1.000   0.200   1.000   0.200   1.000   0.200   4.466   1.000   1.000   1.000 
  24: -63337.592 -2398.471 -1886.160 -14233.639 -52.121 -100.842  -4.178  -2.792  -2.792   15    4    3    3 -82018.588   1.000   0.200   1.000   0.200   1.000   0.200   1.000   0.200   1.000   0.200   4.990   1.000   1.000   1.000 
  25: -63338.482 -2402.108 -1886.160 -14227.409 -52.121 -101.302  -4.178  -2.792  -2.792   17    4    3    3 -82017.345   1.000   0.200   1.000   0.200   1.000   0.200   1.000   0.200   1.000   0.200   4.152   1.000   1.000   1.000 
  26: -63338.968 -2402.108 -1886.160 -14228.935 -52.121 -102.739  -4.178  -2.792  -2.792   14    4    3    3 -82020.793   1.000   0.200   1.000   0.200   1.000   0.200   1.000   0.200   1.000   0.200   3.030   1.000   1.000   1.000 
  27: -63329.504 -2401.568 -1887.132 -14241.787 -52.121 -101.336  -4.178  -2.792  -2.792   12    4    3    3 -82023.210   1.000   0.200   1.000   0.200   1.000   0.200   1.000   0.200   1.000   0.200   1.913   1.000   1.000   1.000 
  28: -63337.775 -2398.471 -1886.160 -14233.639 -52.121 -100.903  -4.178  -2.792  -2.792   14    4    3    3 -82018.831   1.000   0.200   1.000   0.200   1.000   0.200   1.000   0.200   1.000   0.200   2.549   1.000   1.000   1.000 
  29: -63334.991 -2402.108 -1886.160 -14231.127 -52.121 -101.819  -4.178  -2.792  -2.792   13    4    3    3 -82018.088   1.000   0.200   1.000   0.200   1.000   0.200   1.000   0.200   1.000   0.200   3.703   1.000   1.000   1.000 
  30: -63334.991 -2402.108 -1886.160 -14230.430 -52.121 -105.096  -4.178  -2.792  -2.792   14    4    3    3 -82020.668   1.000   0.200   1.000   0.200   1.000   0.200   1.000   0.200   1.000   0.200   4.701   1.000   1.000   1.000 
  31: -63337.775 -2398.471 -1886.160 -14233.639 -52.121 -99.715  -4.178  -2.792  -2.792   15    4    3    3 -82017.643   1.000   0.200   1.000   0.200   1.000   0.200   1.000   0.200   1.000   0.200   3.440   1.000   1.000   1.000 
  32: -63334.809 -2402.108 -1886.160 -14230.430 -52.121 -102.933  -4.178  -2.792  -2.792   14    4    3    3 -82018.323   1.000   0.200   1.000   0.200   1.000   0.200   1.000   0.200   1.000   0.200   3.856   1.000   1.000   1.000 
  33: -63337.775 -2398.471 -1886.160 -14233.639 -52.121 -98.367  -4.178  -2.792  -2.792   15    4    3    3 -82016.295   1.000   0.200   1.000   0.200   1.000   0.200   1.000   0.200   1.000   0.200   3.295   1.000   1.000   1.000 
  34: -63341.266 -2398.471 -1886.160 -14229.921 -52.121 -98.573  -4.178  -2.792  -2.792   17    4    3    3 -82016.275   1.000   0.200   1.000   0.200   1.000   0.200   1.000   0.200   1.000   0.200   4.584   1.000   1.000   1.000 
  35: -63347.211 -2398.471 -1886.160 -14229.921 -52.121 -102.652  -4.178  -2.792  -2.792   17    4    3    3 -82026.298   1.000   0.200   1.000   0.200   1.000   0.200   1.000   0.200   1.000   0.200   5.179   1.000   1.000   1.000 
  36: -63342.149 -2402.108 -1886.160 -14227.409 -52.121 -101.338  -4.178  -2.792  -2.792   17    4    3    3 -82021.047   1.000   0.200   1.000   0.200   1.000   0.200   1.000   0.200   1.000   0.200   5.242   1.000   1.000   1.000 
  37: -63339.047 -2402.108 -1886.160 -14227.409 -52.121 -103.876  -4.178  -2.792  -2.792   13    4    3    3 -82020.484   1.000   0.200   1.000   0.200   1.000   0.200   1.000   0.200   1.000   0.200   4.442   1.000   1.000   1.000 
  38: -63343.061 -2398.471 -1886.160 -14229.921 -52.121 -102.157  -4.178  -2.792  -2.792   16    4    3    3 -82021.653   1.000   0.200   1.000   0.200   1.000   0.200   1.000   0.200   1.000   0.200   2.489   1.000   1.000   1.000 
  39: -63340.277 -2402.108 -1886.160 -14227.409 -52.121 -103.932  -4.178  -2.792  -2.792   13    4    3    3 -82021.769   1.000   0.200   1.000   0.200   1.000   0.200   1.000   0.200   1.000   0.200   2.166   1.000   1.000   1.000 
  40: -63339.569 -2398.471 -1886.160 -14232.942 -52.121 -101.191  -4.178  -2.792  -2.792   14    4    3    3 -82020.217   1.000   0.200   1.000   0.200   1.000   0.200   1.000   0.200   1.000   0.200   2.254   1.000   1.000   1.000 
  41: -63343.061 -2398.471 -1886.160 -14229.921 -52.121 -99.782  -4.178  -2.792  -2.792   16    4    3    3 -82019.278   1.000   0.200   1.000   0.200   1.000   0.200   1.000   0.200   1.000   0.200   5.130   1.000   1.000   1.000 
  42: -63338.482 -2402.108 -1886.160 -14227.409 -52.121 -104.266  -4.178  -2.792  -2.792   14    4    3    3 -82020.309   1.000   0.200   1.000   0.200   1.000   0.200   1.000   0.200   1.000   0.200   3.173   1.000   1.000   1.000 
  43: -63336.235 -2398.471 -1886.160 -14238.689 -52.121 -100.706  -4.178  -2.792  -2.792   14    4    3    3 -82022.144   1.000   0.200   1.000   0.200   1.000   0.200   1.000   0.200   1.000   0.200   2.713   1.000   1.000   1.000 
  44: -63323.905 -2401.627 -1886.160 -14235.253 -52.121 -97.869  -4.178  -2.792  -2.792   16    4    3    3 -82006.698   1.000   0.200   1.000   0.200   1.000   0.200   1.000   0.200   1.000   0.200   3.742   1.000   1.000   1.000 
  45: -63327.513 -2401.627 -1886.160 -14233.483 -52.121 -101.316  -4.178  -2.792  -2.792   16    4    3    3 -82011.982   1.000   0.200   1.000   0.200   1.000   0.200   1.000   0.200   1.000   0.200   3.663   1.000   1.000   1.000 
  46: -63327.513 -2401.627 -1886.160 -14233.483 -52.121 -98.559  -4.178  -2.792  -2.792   18    4    3    3 -82009.226   1.000   0.200   1.000   0.200   1.000   0.200   1.000   0.200   1.000   0.200   4.332   1.000   1.000   1.000 
  47: -63323.905 -2401.627 -1886.160 -14235.949 -52.121 -103.758  -4.178  -2.792  -2.792   15    4    3    3 -82013.283   1.000   0.200   1.000   0.200   1.000   0.200   1.000   0.200   1.000   0.200   2.491   1.000   1.000   1.000 
  48: -63328.763 -2405.264 -1886.160 -14229.719 -52.121 -102.693  -4.178  -2.792  -2.792   16    4    3    3 -82014.483   1.000   0.200   1.000   0.200   1.000   0.200   1.000   0.200   1.000   0.200   4.357   1.000   1.000   1.000 
  49: -63324.431 -2405.264 -1886.160 -14229.719 -52.121 -103.351  -4.178  -2.792  -2.792   15    4    3    3 -82010.809   1.000   0.200   1.000   0.200   1.000   0.200   1.000   0.200   1.000   0.200   4.076   1.000   1.000   1.000 
  50: -63325.360 -2405.264 -1886.160 -14229.719 -52.121 -102.871  -4.178  -2.792  -2.792   14    4    3    3 -82011.258   1.000   0.200   1.000   0.200   1.000   0.200   1.000   0.200   1.000   0.200   5.131   1.000   1.000   1.000 
