0 0 0 0 0 0 0 0 0 0 0 0 0 0 0 0 0 0 0 0 0 0 0 0 0 0 0 0 0 0 0 0 0 0 0 0 0 0 0 0 0 0 0 0 0 0 0 0 
1 2 3 4 4 5 6 7 8 3 9 1 10 5 11 12 3 13 14 15 16 17 18 12 19 20 21 3 5 22 22 23 24 22 22 9 25 20 26 27 28 29 19 30 19 22 0 4 
1 30 3 31 32 6 7 8 8 3 10 1 11 25 13 12 6 14 15 16 17 18 21 12 5 20 22 3 23 35 35 24 9 35 35 26 35 35 27 28 29 2 35 19 5 0 4 33 
30 31 35 11 7 6 10 8 8 3 1 30 25 13 14 12 6 15 16 17 18 21 20 12 7 22 32 23 24 0 0 9 26 0 0 33 35 35 28 29 2 19 35 5 4 35 27 35 
1 11 35 10 35 35 8 35 15 6 30 25 13 14 16 12 6 15 17 18 21 20 7 12 22 28 23 24 31 9 0 26 3 0 0 32 29 28 28 2 19 33 5 4 27 35 34 35 
11 10 35 8 35 35 30 35 35 35 13 18 14 16 6 12 22 17 21 11 20 7 31 12 23 28 24 15 9 26 0 3 29 0 0 13 2 28 28 19 25 5 4 27 1 0 32 33 
11 8 15 10 30 22 24 18 35 35 35 14 16 6 17 35 35 21 20 35 7 31 12 23 1 28 9 15 26 3 0 29 13 0 11 2 33 28 19 25 5 4 27 32 35 35 34 35 
35 10 35 5 22 24 18 14 35 35 35 16 6 1 21 23 24 20 29 7 25 12 9 35 35 35 15 26 3 11 0 13 2 0 0 17 22 19 19 27 4 28 22 30 8 0 31 5 
16 31 35 32 18 24 14 10 10 35 6 35 1 21 23 20 35 29 7 25 12 9 15 35 35 35 3 35 11 13 35 2 17 35 35 19 35 35 27 4 28 22 30 8 0 13 5 26 
18 16 24 26 30 14 31 10 10 6 29 1 21 23 20 24 14 7 25 12 9 15 32 24 33 3 11 35 2 35 35 17 19 35 35 27 35 35 4 28 22 8 35 0 13 5 34 35 
16 26 35 30 31 14 6 10 10 29 1 21 23 20 7 24 29 25 12 9 15 32 33 24 3 11 2 35 17 35 35 19 27 35 35 4 35 35 28 22 8 0 35 13 5 18 34 35 
26 30 35 31 17 6 1 10 10 29 21 23 20 7 25 24 29 12 9 15 11 14 3 24 17 2 32 33 19 35 35 27 4 35 35 28 35 35 22 8 0 13 35 5 18 16 34 35 
30 2 35 6 35 1 10 35 12 29 23 20 7 25 9 24 29 12 15 11 14 3 17 24 19 22 21 31 27 16 16 4 28 16 16 32 8 22 22 0 13 26 5 18 19 16 33 19 
2 20 6 1 35 10 23 35 35 35 7 11 25 9 29 24 10 15 14 2 3 17 21 24 8 22 12 6 30 4 16 28 31 16 16 7 0 22 22 13 26 5 18 27 19 16 32 19 
2 1 6 32 23 35 25 11 35 35 35 2 9 29 13 24 15 14 3 35 17 21 8 35 12 35 30 35 4 28 35 31 7 35 35 0 19 22 22 26 5 18 27 20 16 28 33 10 
2 6 15 23 25 15 11 32 32 30 9 35 29 13 24 14 35 3 17 35 21 8 12 35 25 22 4 30 20 31 35 7 0 35 35 19 16 22 26 5 18 27 10 1 28 31 33 13 
