0 0 0 0 0 0 0 0 0 0 0 0 0 0 0 0 0 0 0 0 0 0 0 0 0 0 0 0 0 0 0 0 0 0 0 0 0 0 0 0 0 0 0 0 0 0 0 
1 2 7 0 1 7 6 4 11 1 6 1 7 0 1 7 1 9 11 7 9 11 12 7 7 9 5 7 7 11 8 7 11 8 1 6 7 3 3 7 12 7 6 10 11 0 13 
2 3 7 0 2 3 3 8 5 2 3 2 7 7 2 7 2 1 11 7 8 11 9 7 7 8 12 7 7 11 10 7 11 10 2 3 7 4 4 7 9 7 13 6 11 0 14 
0 0 0 0 0 0 0 0 0 0 0 0 0 0 0 0 0 0 0 0 0 0 0 0 0 0 0 0 0 0 0 0 0 0 0 0 0 0 0 0 0 0 0 0 0 0 0 
1 2 7 0 1 7 6 4 11 1 6 1 7 0 1 7 1 9 11 7 9 11 12 7 7 9 5 7 7 11 8 7 11 8 1 6 7 3 3 7 12 7 6 10 11 0 13 
2 3 7 0 2 3 3 8 5 2 3 2 7 7 2 7 2 1 11 7 8 11 9 7 7 8 12 7 7 11 10 7 11 10 2 3 7 4 4 7 9 7 13 6 11 0 14 
2 10 7 0 2 7 3 6 1 2 3 2 7 0 2 7 2 4 5 7 8 5 9 7 7 8 12 7 7 5 11 7 5 11 2 3 7 0 0 7 9 7 3 0 5 0 10 
2 1 6 0 2 6 5 8 12 2 5 2 6 0 2 6 2 3 7 6 8 7 11 6 6 8 9 6 6 7 10 6 7 10 2 5 6 4 4 6 11 6 5 13 7 0 1 
2 12 7 0 2 7 4 9 1 2 4 2 7 0 2 7 2 11 8 7 9 8 10 7 7 9 5 7 7 8 3 7 8 3 2 4 7 6 6 7 10 7 4 13 8 0 12 
2 1 7 4 2 7 4 6 9 2 4 2 7 4 2 7 2 3 10 7 6 10 8 7 7 6 0 7 7 10 11 7 10 11 2 4 7 5 5 7 8 7 12 13 10 4 1 
2 3 7 1 2 3 3 8 0 2 3 2 7 7 2 7 2 12 5 7 8 5 9 7 7 8 10 7 7 5 11 7 5 11 2 3 7 4 4 7 9 7 13 6 5 1 14 
