0 0 0 0 0 0 0 0 0 0 0 0 0 0 0 0 0 0 0 0 0 0 0 0 0 0 0 0 0 0 0 0 0 0 0 0 0 0 0 0 0 0 0 0 0 0 0 
1 2 2 2 3 2 3 4 5 1 6 7 8 7 9 8 1 6 7 8 10 0 11 8 0 10 12 8 0 13 14 8 15 9 16 6 11 10 17 8 18 7 6 19 7 3 0 
2 1 8 3 9 8 17 5 16 1 6 2 8 8 12 8 1 6 13 8 10 7 11 8 8 10 14 8 1 13 15 8 12 9 0 6 3 17 17 3 4 1 6 3 7 3 18 
2 1 8 3 9 8 17 16 14 1 6 2 8 9 11 8 1 6 13 8 10 7 12 8 8 10 15 8 8 13 18 8 4 0 9 6 12 17 17 17 19 18 5 3 7 3 20 
2 1 8 3 9 1 17 14 11 1 6 2 8 5 15 8 1 6 13 8 10 7 11 8 4 10 20 8 9 13 0 8 4 21 12 6 19 17 17 8 18 16 5 3 7 3 22 
2 1 8 3 20 1 14 15 11 1 6 2 8 4 17 8 1 6 13 8 10 7 11 8 8 10 9 8 0 13 16 8 4 12 19 6 21 17 17 18 5 17 6 3 7 3 22 
2 1 8 3 14 1 15 0 11 1 6 2 8 9 17 8 1 6 13 8 10 7 4 8 8 10 16 8 6 13 12 8 14 5 9 6 15 17 17 3 19 13 18 4 7 3 20 
2 1 8 3 15 1 17 11 20 1 6 2 8 18 16 8 1 6 13 8 10 7 20 8 17 10 14 8 12 13 12 8 5 9 21 6 18 17 17 19 4 8 18 0 7 3 19 
2 1 8 3 5 1 17 14 11 1 6 16 8 18 0 8 1 5 13 8 10 7 11 8 14 10 12 8 5 13 9 8 14 15 20 6 0 17 17 4 21 22 18 19 7 3 23 
16 1 8 3 0 1 0 6 11 1 6 16 8 18 12 8 1 17 13 8 10 7 11 8 8 10 5 8 9 13 14 8 15 2 9 6 12 17 17 6 4 17 18 3 7 3 19 
16 1 8 3 0 1 20 6 11 1 6 16 8 18 21 8 1 5 13 8 10 7 11 8 8 10 14 8 3 13 15 8 2 9 12 6 22 17 17 4 23 19 5 3 7 3 4 
16 1 8 3 9 1 9 6 11 1 6 16 8 0 14 8 1 5 13 8 10 13 11 8 8 10 2 8 15 13 15 8 14 12 18 6 19 17 17 7 0 17 5 3 4 3 20 
16 1 8 3 18 1 17 6 11 1 6 16 8 0 2 8 1 5 13 8 10 4 11 8 14 10 15 8 14 13 12 8 14 19 18 6 7 17 17 20 9 17 0 3 4 3 20 
16 1 8 3 7 1 7 6 11 1 6 16 8 0 7 8 1 2 13 8 10 13 6 8 8 10 12 8 16 13 14 8 5 15 18 6 19 17 17 9 4 18 0 3 20 3 2 
16 1 8 3 7 1 7 6 12 1 6 16 8 0 7 8 1 2 13 8 10 11 12 8 12 10 14 8 6 13 5 8 15 9 4 6 3 17 17 2 18 1 0 3 11 3 19 
16 1 8 3 7 1 7 6 12 1 6 16 8 0 17 8 1 14 13 8 10 11 12 8 15 10 5 8 15 13 9 8 15 4 2 6 0 17 17 11 18 10 0 3 11 3 19 
16 1 8 3 7 1 14 6 12 1 6 16 8 0 10 8 1 15 13 8 10 11 12 8 8 10 9 8 10 13 4 8 15 2 7 6 0 17 17 8 5 1 0 3 11 3 18 
16 1 8 3 14 1 14 6 12 1 6 16 8 0 10 8 1 15 13 8 10 11 12 8 8 10 4 8 15 13 2 8 15 7 5 6 0 17 17 13 9 3 0 3 11 3 18 
16 1 8 3 5 1 17 6 12 1 6 16 8 0 10 8 1 15 13 8 10 11 12 8 4 10 2 8 8 13 7 8 15 9 5 6 3 17 17 14 18 0 0 3 11 3 19 
16 1 8 3 3 1 17 6 12 1 6 16 8 0 10 8 1 4 13 8 10 11 12 8 8 10 9 8 7 13 15 8 4 14 7 6 0 17 17 5 2 0 0 3 11 3 5 
16 1 8 3 7 1 14 6 12 1 6 16 8 0 10 8 1 9 13 8 10 11 12 8 8 10 15 8 11 13 4 8 9 2 7 6 3 14 14 16 5 8 0 3 11 3 17 
16 1 8 3 7 1 14 6 12 1 6 16 8 0 15 8 1 17 13 8 10 13 12 8 8 10 4 8 8 13 9 8 2 18 19 6 5 14 14 14 11 12 0 3 20 3 21 
16 1 8 3 15 1 14 6 12 1 6 16 8 0 17 8 1 7 13 8 10 4 12 8 8 10 9 8 8 13 2 8 18 5 15 6 11 14 14 18 19 16 0 3 4 3 20 
16 1 8 3 3 1 14 6 12 1 6 16 8 0 10 8 1 5 13 8 10 4 12 8 16 10 11 8 2 13 2 8 9 15 7 6 3 14 14 3 17 6 0 3 4 3 5 
16 1 8 3 3 1 14 6 12 1 6 16 8 0 14 8 1 5 4 8 10 4 6 8 3 10 13 8 10 2 9 8 15 7 17 6 11 14 14 8 18 6 0 3 4 3 5 
16 1 8 3 17 6 14 6 13 1 6 16 8 15 14 8 1 5 2 8 10 4 6 8 13 10 18 8 9 2 7 8 15 12 11 6 0 14 14 9 19 14 20 3 4 3 5 
16 1 8 3 11 6 14 6 13 1 6 16 8 15 14 8 1 5 2 8 10 4 6 8 8 10 0 8 1 2 9 8 15 17 11 6 7 14 14 6 18 12 19 3 4 3 5 
16 1 8 3 11 6 14 6 0 1 6 16 8 15 14 8 1 5 2 8 10 4 6 8 0 10 9 8 6 2 17 8 15 13 7 6 3 14 14 7 12 15 18 19 4 3 5 
16 1 8 3 9 6 14 6 0 1 6 16 8 15 14 8 1 5 2 8 10 4 6 8 8 10 17 8 6 2 13 8 15 12 7 6 9 14 14 3 18 8 11 3 4 3 5 
16 1 8 3 7 6 14 6 18 1 6 16 8 15 14 8 1 17 2 8 10 4 6 8 8 10 13 8 4 2 12 8 15 19 9 6 3 14 14 0 11 8 5 3 4 3 17 
16 1 8 3 9 6 14 6 11 1 6 16 8 15 14 8 1 13 2 8 10 4 6 8 3 10 12 8 8 2 7 8 15 0 9 6 3 14 14 0 5 8 17 3 4 3 18 
16 1 8 3 11 8 14 6 13 1 6 16 8 17 14 8 1 12 2 8 10 4 6 8 8 10 7 8 5 2 15 8 11 9 0 6 3 14 14 18 5 4 17 3 4 3 19 
16 1 8 3 0 1 14 6 12 1 6 16 8 5 14 8 1 13 2 8 10 4 12 8 3 10 15 8 12 2 11 8 9 7 0 6 3 14 14 2 17 8 5 3 4 3 18 
16 1 8 3 13 1 14 6 12 1 6 16 8 5 10 8 1 15 2 8 10 4 12 8 15 10 11 8 6 2 9 8 7 0 13 6 3 14 14 17 17 1 5 3 4 3 18 
16 1 8 6 13 1 14 6 12 1 6 16 8 5 7 8 1 15 2 8 10 4 12 8 7 10 9 8 8 2 18 8 0 19 13 6 17 14 14 9 11 1 5 3 4 14 20 
16 1 8 14 17 1 14 0 11 1 6 16 8 5 6 8 1 12 2 8 10 2 0 8 1 10 3 8 1 2 7 8 0 13 9 6 3 14 14 7 11 11 5 4 15 14 18 
16 1 8 14 9 0 14 0 11 1 6 16 8 5 6 8 1 10 2 8 10 15 0 8 8 10 4 8 13 2 13 8 0 3 9 6 7 14 14 14 11 1 5 12 15 14 17 
16 1 8 14 9 0 14 0 11 1 6 16 8 5 6 8 1 10 2 8 10 15 0 8 0 10 13 8 11 2 3 8 0 12 7 6 13 14 14 16 11 6 5 4 15 14 17 
16 1 8 14 7 8 14 0 11 1 6 16 8 5 6 8 1 10 2 8 10 15 0 8 1 10 3 8 8 2 12 8 0 17 13 6 5 14 14 4 11 8 5 9 15 14 18 
7 1 8 14 13 0 14 0 11 1 6 7 8 5 6 8 1 3 2 8 10 15 0 8 8 10 4 8 7 2 12 8 0 17 18 6 19 14 14 8 11 9 5 16 15 14 20 
7 1 8 0 12 6 14 0 11 1 6 7 8 5 6 8 1 4 2 8 10 15 0 8 4 10 3 8 8 2 9 8 0 17 18 6 12 14 14 17 11 0 16 13 15 14 19 
7 1 8 14 17 0 14 0 11 1 6 5 8 16 6 8 1 4 2 8 10 15 0 8 8 10 9 8 8 2 12 8 0 18 17 6 16 14 14 13 11 11 16 3 15 14 19 
5 1 8 14 17 0 14 0 11 1 6 5 8 16 6 8 1 9 2 8 10 15 0 8 8 10 12 8 11 2 4 8 0 3 13 6 16 14 14 9 11 6 16 7 15 14 18 
5 1 8 14 12 0 14 0 11 1 6 5 8 16 6 8 1 10 2 8 10 2 0 8 0 10 4 8 7 2 3 8 0 9 17 6 13 14 14 15 11 6 16 7 15 14 18 
5 1 8 14 7 0 14 0 11 1 6 5 8 16 6 8 1 4 2 8 10 15 0 8 0 10 3 8 14 2 9 8 0 7 13 6 3 14 14 8 11 8 16 12 15 14 17 
5 1 8 14 4 0 14 0 11 1 6 5 8 16 6 8 1 4 2 8 10 15 0 8 0 10 9 8 14 2 7 8 0 13 3 6 3 14 14 8 11 8 16 12 15 14 17 
5 1 8 14 13 0 14 0 11 1 6 5 8 9 6 8 1 10 2 8 10 15 0 8 8 10 7 8 14 2 16 8 0 3 13 6 12 14 14 14 11 14 9 4 15 14 17 
5 1 8 14 13 0 14 0 11 1 6 5 8 9 6 8 1 10 2 8 10 15 0 8 8 10 16 8 6 2 3 8 0 12 13 6 4 14 14 0 11 11 9 7 15 14 17 
5 1 8 14 13 0 14 0 11 1 6 5 8 9 6 8 1 16 2 8 10 15 0 8 16 10 3 8 1 2 12 8 0 4 13 6 7 14 14 16 11 8 17 9 15 14 18 
5 1 8 14 3 0 14 0 11 1 6 5 8 17 6 8 1 16 2 8 10 15 0 8 8 10 13 8 12 2 4 8 0 3 7 6 9 14 14 11 11 15 17 18 15 14 19 
5 1 8 0 16 0 14 0 11 1 6 5 8 13 6 8 1 10 2 8 10 15 0 8 0 10 12 8 12 2 3 8 0 7 9 6 4 14 14 15 11 3 13 4 15 14 17 
