   0: -113133.175 -7681.593 -7602.419 -26822.355 -52.121  -4.850  -4.178  -2.792  -2.792    1    4    3    3 -155306.276   1.000   0.200   1.000   0.200   1.000   0.200   1.000   0.200   1.000   0.200   1.000   1.000   1.000   1.000 
   1: -72936.190 -5149.453 -5008.149 -16175.909 -52.121 -115.798  -4.178  -2.792  -2.792   41    4    3    3 -99447.382   1.000   0.200   1.000   0.200   1.000   0.200   1.000   0.200   1.000   0.200   1.907   1.000   1.000   1.000 
   2: -72915.379 -5148.241 -5009.362 -16196.531 -52.121 -87.226  -4.178  -2.792  -2.792   41    4    3    3 -99418.621   1.000   0.200   1.000   0.200   1.000   0.200   1.000   0.200   1.000   0.200   5.221   1.000   1.000   1.000 
   3: -72934.978 -5149.453 -5008.149 -16175.909 -52.121 -73.020  -4.178  -2.792  -2.792   42    4    3    3 -99403.392   1.000   0.200   1.000   0.200   1.000   0.200   1.000   0.200   1.000   0.200   9.876   1.000   1.000   1.000 
   4: -72928.953 -5149.453 -5008.149 -16184.575 -52.121 -62.429  -4.178  -2.792  -2.792   44    4    3    3 -99395.443   1.000   0.200   1.000   0.200   1.000   0.200   1.000   0.200   1.000   0.200  20.860   1.000   1.000   1.000 
   5: -72928.953 -5149.453 -5008.149 -16184.575 -52.121 -62.451  -4.178  -2.792  -2.792   44    4    3    3 -99395.464   1.000   0.200   1.000   0.200   1.000   0.200   1.000   0.200   1.000   0.200  21.086   1.000   1.000   1.000 
   6: -72928.953 -5149.453 -5008.149 -16184.575 -52.121 -62.410  -4.178  -2.792  -2.792   44    4    3    3 -99395.423   1.000   0.200   1.000   0.200   1.000   0.200   1.000   0.200   1.000   0.200  18.715   1.000   1.000   1.000 
   7: -72909.354 -5148.241 -5009.362 -16205.197 -52.121 -62.841  -4.178  -2.792  -2.792   44    4    3    3 -99396.878   1.000   0.200   1.000   0.200   1.000   0.200   1.000   0.200   1.000   0.200  23.373   1.000   1.000   1.000 
   8: -72928.953 -5149.453 -5008.149 -16184.575 -52.121 -64.672  -4.178  -2.792  -2.792   44    4    3    3 -99397.686   1.000   0.200   1.000   0.200   1.000   0.200   1.000   0.200   1.000   0.200  28.630   1.000   1.000   1.000 
   9: -72930.694 -5149.453 -5008.149 -16187.748 -52.121 -60.888  -4.178  -2.792  -2.792   45    4    3    3 -99398.815   1.000   0.200   1.000   0.200   1.000   0.200   1.000   0.200   1.000   0.200  27.532   1.000   1.000   1.000 
  10: -72936.719 -5149.453 -5008.149 -16179.082 -52.121 -62.648  -4.178  -2.792  -2.792   44    4    3    3 -99397.934   1.000   0.200   1.000   0.200   1.000   0.200   1.000   0.200   1.000   0.200  22.452   1.000   1.000   1.000 
  11: -72928.953 -5149.453 -5008.149 -16184.575 -52.121 -62.437  -4.178  -2.792  -2.792   44    4    3    3 -99395.450   1.000   0.200   1.000   0.200   1.000   0.200   1.000   0.200   1.000   0.200  18.412   1.000   1.000   1.000 
  12: -72934.978 -5149.453 -5008.149 -16175.909 -52.121 -68.316  -4.178  -2.792  -2.792   42    4    3    3 -99398.688   1.000   0.200   1.000   0.200   1.000   0.200   1.000   0.200   1.000   0.200  17.240   1.000   1.000   1.000 
  13: -72928.953 -5149.453 -5008.149 -16184.575 -52.121 -63.465  -4.178  -2.792  -2.792   44    4    3    3 -99396.478   1.000   0.200   1.000   0.200   1.000   0.200   1.000   0.200   1.000   0.200  25.553   1.000   1.000   1.000 
  14: -72934.978 -5149.453 -5008.149 -16175.909 -52.121 -65.762  -4.178  -2.792  -2.792   43    4    3    3 -99396.134   1.000   0.200   1.000   0.200   1.000   0.200   1.000   0.200   1.000   0.200  22.463   1.000   1.000   1.000 
  15: -72915.379 -5148.241 -5009.362 -16196.531 -52.121 -65.562  -4.178  -2.792  -2.792   43    4    3    3 -99396.958   1.000   0.200   1.000   0.200   1.000   0.200   1.000   0.200   1.000   0.200  21.474   1.000   1.000   1.000 
  16: -72934.978 -5149.453 -5008.149 -16175.909 -52.121 -66.762  -4.178  -2.792  -2.792   43    4    3    3 -99397.134   1.000   0.200   1.000   0.200   1.000   0.200   1.000   0.200   1.000   0.200  25.701   1.000   1.000   1.000 
  17: -72928.953 -5149.453 -5008.149 -16184.575 -52.121 -62.386  -4.178  -2.792  -2.792   44    4    3    3 -99395.399   1.000   0.200   1.000   0.200   1.000   0.200   1.000   0.200   1.000   0.200  19.123   1.000   1.000   1.000 
  18: -72928.953 -5149.453 -5008.149 -16184.575 -52.121 -63.582  -4.178  -2.792  -2.792   44    4    3    3 -99396.595   1.000   0.200   1.000   0.200   1.000   0.200   1.000   0.200   1.000   0.200  14.634   1.000   1.000   1.000 
  19: -72915.379 -5148.241 -5009.362 -16196.531 -52.121 -70.537  -4.178  -2.792  -2.792   41    4    3    3 -99401.933   1.000   0.200   1.000   0.200   1.000   0.200   1.000   0.200   1.000   0.200  16.415   1.000   1.000   1.000 
  20: -72934.978 -5149.453 -5008.149 -16175.909 -52.121 -65.409  -4.178  -2.792  -2.792   43    4    3    3 -99395.781   1.000   0.200   1.000   0.200   1.000   0.200   1.000   0.200   1.000   0.200  17.681   1.000   1.000   1.000 
