   0: -47333.046 -3535.476 -2417.667 -12234.818 -3119.478  -4.871  -4.178  -2.792  -2.792    1    4    3    3 -68655.119   1.000   0.200   1.000   0.200   1.000   0.200   1.000   0.200   1.000   0.200   1.000   1.000   1.000   1.000 
   1: -31574.230 -2655.749 -1509.044 -8138.696 -2165.026 -111.891  -4.178  -2.792  -2.792   31    4    3    3 -46164.398   1.000   0.200   1.000   0.200   1.000   0.200   1.000   0.200   1.000   0.200   2.678   1.000   1.000   1.000 
   2: -26532.030 -2386.700 -1418.351 -7031.314 -2031.852 -99.428  -4.178  -2.792  -2.792   34    4    3    3 -39509.436   1.000   0.200   1.000   0.200   1.000   0.200   1.000   0.200   1.000   0.200   6.217   1.000   1.000   1.000 
   3: -29249.590 -2531.637 -1449.344 -7351.842 -2074.201 -94.114  -4.178  -2.792  -2.792   34    4    3    3 -42760.489   1.000   0.200   1.000   0.200   1.000   0.200   1.000   0.200   1.000   0.200  18.751   1.000   1.000   1.000 
   4: -24320.181 -1674.467 -1108.182 -6112.283 -1607.086 -90.548  -4.178  -2.792  -2.792   35    4    3    3 -34922.509   1.000   0.200   1.000   0.200   1.000   0.200   1.000   0.200   1.000   0.200  15.290   1.000   1.000   1.000 
   5: -19653.504 -873.948 -538.627 -4680.223 -754.407 -92.160  -4.178  -2.792  -2.792   34    4    3    3 -26602.630   1.000   0.200   1.000   0.200   1.000   0.200   1.000   0.200   1.000   0.200  11.561   1.000   1.000   1.000 
   6: -23008.208 -1577.054 -749.700 -5778.820 -1024.474 -92.113  -4.178  -2.792  -2.792   35    4    3    3 -32240.130   1.000   0.200   1.000   0.200   1.000   0.200   1.000   0.200   1.000   0.200  16.188   1.000   1.000   1.000 
   7: -23083.785 -1568.680 -755.971 -5728.171 -1033.869 -97.979  -4.178  -2.792  -2.792   32    4    3    3 -32278.216   1.000   0.200   1.000   0.200   1.000   0.200   1.000   0.200   1.000   0.200  16.184   1.000   1.000   1.000 
   8: -24694.444 -2263.083 -1347.802 -6219.625 -1919.497 -99.093  -4.178  -2.792  -2.792   33    4    3    3 -36553.305   1.000   0.200   1.000   0.200   1.000   0.200   1.000   0.200   1.000   0.200   8.079   1.000   1.000   1.000 
   9: -25677.632 -2347.591 -1395.905 -6805.511 -1996.309 -91.836  -4.178  -2.792  -2.792   35    4    3    3 -38324.545   1.000   0.200   1.000   0.200   1.000   0.200   1.000   0.200   1.000   0.200  10.787   1.000   1.000   1.000 
  10: -25249.462 -2327.290 -1384.298 -6666.729 -1977.858 -91.857  -4.178  -2.792  -2.792   35    4    3    3 -37707.256   1.000   0.200   1.000   0.200   1.000   0.200   1.000   0.200   1.000   0.200  14.671   1.000   1.000   1.000 
  11: -25945.293 -2347.591 -1395.905 -6829.531 -1996.309 -94.438  -4.178  -2.792  -2.792   35    4    3    3 -38618.828   1.000   0.200   1.000   0.200   1.000   0.200   1.000   0.200   1.000   0.200   8.456   1.000   1.000   1.000 
  12: -25475.652 -1713.680 -1133.618 -6436.169 -1646.711 -89.885  -4.178  -2.792  -2.792   34    4    3    3 -36505.476   1.000   0.200   1.000   0.200   1.000   0.200   1.000   0.200   1.000   0.200  13.874   1.000   1.000   1.000 
  13: -20202.783 -887.326 -547.016 -4860.339 -766.950 -95.210  -4.178  -2.792  -2.792   33    4    3    3 -27369.386   1.000   0.200   1.000   0.200   1.000   0.200   1.000   0.200   1.000   0.200  16.226   1.000   1.000   1.000 
  14: -20127.914 -1432.180 -717.133 -5131.893 -980.495 -94.739  -4.178  -2.792  -2.792   34    4    3    3 -28494.117   1.000   0.200   1.000   0.200   1.000   0.200   1.000   0.200   1.000   0.200  11.240   1.000   1.000   1.000 
  15: -26509.154 -2386.700 -1418.351 -7115.897 -2031.852 -94.617  -4.178  -2.792  -2.792   34    4    3    3 -39566.331   1.000   0.200   1.000   0.200   1.000   0.200   1.000   0.200   1.000   0.200  11.670   1.000   1.000   1.000 
