   0: -47333.046 -3535.476 -2417.667 -12234.818 -3119.478  -4.871  -4.178  -2.792  -2.792    1    4    3    3 -68655.119    1    4    3    3 -68655.119    1    4    3    3 -68655.119    1    4    3    3 -68655.119   1.000   0.200   1.000   0.200   1.000   0.200   1.000   0.200   1.000   0.200   1.000   1.000   1.000   1.000 
   1: -31574.230 -2655.749 -1509.044 -8138.696 -2165.026 -106.834  -4.178  -2.792  -2.792   31    4    3    3 -46159.342   31    4    3    3 -46149.593   31    4    3    3 -46158.362   32    4    3    3 -46200.227   1.000   0.200   1.000   0.200   1.000   0.200   1.000   0.200   1.000   0.200   3.504   1.000   1.000   1.000 
   0: -40219.721 -1940.803 -1041.659 -8996.836 -1717.345  -4.871  -4.178  -2.792  -2.792    1    4    3    3 -53930.998    1    4    3    3 -53930.998   1.000   0.200   1.000   0.200   1.000   0.200   1.000   0.200   1.000   0.200   1.000   1.000   1.000   1.000 
   1: -33925.201 -1247.056 -936.110 -6830.048 -1011.466 -110.893  -4.178  -2.792  -2.792   15    4    3    3 -44070.536   15    4    3    3 -44089.536   1.000   0.200   1.000   0.200   1.000   0.200   1.000   0.200   1.000   0.200   1.335   1.000   1.000   1.000 
   2: -33864.871 -1242.827 -937.526 -6808.781 -1016.466 -104.826  -4.178  -2.792  -2.792   14    4    3    3 -43985.059   18    4    3    3 -44004.621   1.000   0.200   1.000   0.200   1.000   0.200   1.000   0.200   1.000   0.200   3.087   1.000   1.000   1.000 
   3: -33845.211 -1242.827 -931.039 -6805.197 -1009.979 -101.335  -4.178  -2.792  -2.792   15    4    3    3 -43945.351   16    4    3    3 -43961.096   1.000   0.200   1.000   0.200   1.000   0.200   1.000   0.200   1.000   0.200   2.289   1.000   1.000   1.000 
   4: -33840.184 -1242.827 -931.039 -6808.165 -1009.979 -108.451  -4.178  -2.792  -2.792   15    4    3    3 -43950.407   13    4    3    3 -43951.761   1.000   0.200   1.000   0.200   1.000   0.200   1.000   0.200   1.000   0.200   3.188   1.000   1.000   1.000 
   5: -33839.484 -1242.827 -931.039 -6808.165 -1009.979 -109.153  -4.178  -2.792  -2.792   13    4    3    3 -43950.410   14    4    3    3 -43960.563   1.000   0.200   1.000   0.200   1.000   0.200   1.000   0.200   1.000   0.200   3.248   1.000   1.000   1.000 
   6: -33844.037 -1242.827 -931.039 -6805.197 -1009.979 -101.442  -4.178  -2.792  -2.792   16    4    3    3 -43944.285   12    4    3    3 -43951.769   1.000   0.200   1.000   0.200   1.000   0.200   1.000   0.200   1.000   0.200   7.098   1.000   1.000   1.000 
   7: -33842.915 -1242.827 -931.039 -6801.156 -1009.979 -101.758  -4.178  -2.792  -2.792   15    4    3    3 -43939.437   14    4    3    3 -43964.239   1.000   0.200   1.000   0.200   1.000   0.200   1.000   0.200   1.000   0.200   5.892   1.000   1.000   1.000 
   8: -33843.398 -1242.827 -931.039 -6800.911 -1009.979 -106.690  -4.178  -2.792  -2.792   15    4    3    3 -43944.607   13    4    3    3 -43946.584   1.000   0.200   1.000   0.200   1.000   0.200   1.000   0.200   1.000   0.200   2.545   1.000   1.000   1.000 
   9: -33839.166 -1242.827 -931.039 -6800.644 -1009.979 -101.600  -4.178  -2.792  -2.792   15    4    3    3 -43935.017   13    4    3    3 -43945.766   1.000   0.200   1.000   0.200   1.000   0.200   1.000   0.200   1.000   0.200   1.668   1.000   1.000   1.000 
   0: -42548.680 -2082.903 -1129.420 -9481.704 -1854.760  -4.871  -4.178  -2.792  -2.792    1    4    3    3 -57112.099    1    4    3    3 -57112.099   1.000   0.200   1.000   0.200   1.000   0.200   1.000   0.200   1.000   0.200   1.000   1.000   1.000   1.000 
  10: -33839.702 -1242.827 -931.039 -6804.579 -1009.979 -105.014  -4.178  -2.792  -2.792   14    4    3    3 -43942.902   16    4    3    3 -43943.046   1.000   0.200   1.000   0.200   1.000   0.200   1.000   0.200   1.000   0.200   3.497   1.000   1.000   1.000 
   1: -36890.413 -1351.693 -1020.205 -7890.004 -1248.817 -102.512  -4.178  -2.792  -2.792   15    4    3    3 -48513.406   15    4    3    3 -48519.545   1.000   0.200   1.000   0.200   1.000   0.200   1.000   0.200   1.000   0.200   1.547   1.000   1.000   1.000 
  11: -33839.940 -1242.827 -931.039 -6800.644 -1009.979 -100.422  -4.178  -2.792  -2.792   15    4    3    3 -43934.613   13    4    3    3 -43939.221   1.000   0.200   1.000   0.200   1.000   0.200   1.000   0.200   1.000   0.200   3.027   1.000   1.000   1.000 
  12: -33843.697 -1242.827 -931.039 -6797.221 -1009.979 -103.493  -4.178  -2.792  -2.792   14    4    3    3 -43938.019   14    4    3    3 -43947.862   1.000   0.200   1.000   0.200   1.000   0.200   1.000   0.200   1.000   0.200   2.320   1.000   1.000   1.000 
   2: -36865.672 -1333.337 -1025.204 -7870.916 -1250.887 -102.468  -4.178  -2.792  -2.792   15    4    3    3 -48458.246   18    4    3    3 -48469.977   1.000   0.200   1.000   0.200   1.000   0.200   1.000   0.200   1.000   0.200   2.748   1.000   1.000   1.000 
  13: -33840.133 -1242.827 -931.039 -6802.196 -1009.979 -103.522  -4.178  -2.792  -2.792   15    4    3    3 -43939.459   14    4    3    3 -43948.936   1.000   0.200   1.000   0.200   1.000   0.200   1.000   0.200   1.000   0.200   2.518   1.000   1.000   1.000 
   3: -36855.268 -1333.337 -1025.204 -7867.653 -1250.887 -110.973  -4.178  -2.792  -2.792   18    4    3    3 -48453.085   14    4    3    3 -48464.242   1.000   0.200   1.000   0.200   1.000   0.200   1.000   0.200   1.000   0.200   2.769   1.000   1.000   1.000 
  14: -33847.030 -1242.827 -931.039 -6797.221 -1009.979 -100.930  -4.178  -2.792  -2.792   16    4    3    3 -43938.788   15    4    3    3 -43951.410   1.000   0.200   1.000   0.200   1.000   0.200   1.000   0.200   1.000   0.200   2.945   1.000   1.000   1.000 
   4: -36854.053 -1333.337 -1025.204 -7877.385 -1250.887 -109.894  -4.178  -2.792  -2.792   16    4    3    3 -48460.523   18    4    3    3 -48468.247   1.000   0.200   1.000   0.200   1.000   0.200   1.000   0.200   1.000   0.200   3.086   1.000   1.000   1.000 
  15: -33839.166 -1242.827 -931.039 -6800.644 -1009.979 -105.957  -4.178  -2.792  -2.792   13    4    3    3 -43939.374   16    4    3    3 -43952.765   1.000   0.200   1.000   0.200   1.000   0.200   1.000   0.200   1.000   0.200   4.412   1.000   1.000   1.000 
  16: -33839.940 -1242.827 -931.039 -6800.644 -1009.979 -101.374  -4.178  -2.792  -2.792   15    4    3    3 -43935.566   16    4    3    3 -43942.919   1.000   0.200   1.000   0.200   1.000   0.200   1.000   0.200   1.000   0.200   4.385   1.000   1.000   1.000 
   5: -36847.401 -1333.337 -1025.204 -7872.655 -1250.887 -106.574  -4.178  -2.792  -2.792   20    4    3    3 -48445.820   19    4    3    3 -48464.273   1.000   0.200   1.000   0.200   1.000   0.200   1.000   0.200   1.000   0.200   3.725   1.000   1.000   1.000 
  17: -33843.883 -1242.827 -931.039 -6800.644 -1009.979 -101.980  -4.178  -2.792  -2.792   14    4    3    3 -43940.115   16    4    3    3 -43942.190   1.000   0.200   1.000   0.200   1.000   0.200   1.000   0.200   1.000   0.200   3.311   1.000   1.000   1.000 
  18: -33830.287 -1242.827 -931.039 -6804.067 -1009.979 -109.105  -4.178  -2.792  -2.792   15    4    3    3 -43937.067   16    4    3    3 -43942.758   1.000   0.200   1.000   0.200   1.000   0.200   1.000   0.200   1.000   0.200   6.219   1.000   1.000   1.000 
   6: -36858.375 -1333.337 -1025.204 -7878.899 -1250.887 -107.972  -4.178  -2.792  -2.792   22    4    3    3 -48464.435   16    4    3    3 -48450.025   1.000   0.200   1.000   0.200   1.000   0.200   1.000   0.200   1.000   0.200   4.970   1.000   1.000   1.000 
  19: -33842.286 -1242.827 -931.039 -6805.124 -1009.979 -106.198  -4.178  -2.792  -2.792   15    4    3    3 -43947.215   15    4    3    3 -43936.561   1.000   0.200   1.000   0.200   1.000   0.200   1.000   0.200   1.000   0.200   3.911   1.000   1.000   1.000 
  20: -33843.117 -1242.827 -931.039 -6801.554 -1009.979 -103.783  -4.178  -2.792  -2.792   14    4    3    3 -43942.061   16    4    3    3 -43942.537   1.000   0.200   1.000   0.200   1.000   0.200   1.000   0.200   1.000   0.200   3.210   1.000   1.000   1.000 
   7: -36850.920 -1333.337 -1025.204 -7872.140 -1250.887 -108.871  -4.178  -2.792  -2.792   17    4    3    3 -48451.121   20    4    3    3 -48453.501   1.000   0.200   1.000   0.200   1.000   0.200   1.000   0.200   1.000   0.200   2.797   1.000   1.000   1.000 
  21: -33843.990 -1242.827 -931.039 -6797.221 -1009.979 -101.774  -4.178  -2.792  -2.792   15    4    3    3 -43936.593   15    4    3    3 -43944.740   1.000   0.200   1.000   0.200   1.000   0.200   1.000   0.200   1.000   0.200   3.612   1.000   1.000   1.000 
  22: -33833.434 -1242.827 -927.617 -6810.395 -1006.396 -109.128  -4.178  -2.792  -2.792   14    4    3    3 -43939.559   14    4    3    3 -43935.999   1.000   0.200   1.000   0.200   1.000   0.200   1.000   0.200   1.000   0.200   2.804   1.000   1.000   1.000 
   8: -36850.255 -1333.337 -1025.204 -7875.831 -1250.887 -110.342  -4.178  -2.792  -2.792   17    4    3    3 -48455.618   18    4    3    3 -48463.078   1.000   0.200   1.000   0.200   1.000   0.200   1.000   0.200   1.000   0.200   4.629   1.000   1.000   1.000 
  23: -33838.528 -1242.827 -931.039 -6802.196 -1009.979 -108.221  -4.178  -2.792  -2.792   14    4    3    3 -43942.553   15    4    3    3 -43943.868   1.000   0.200   1.000   0.200   1.000   0.200   1.000   0.200   1.000   0.200   2.502   1.000   1.000   1.000 
  24: -33840.416 -1242.827 -931.039 -6800.864 -1009.979 -102.458  -4.178  -2.792  -2.792   16    4    3    3 -43937.346   15    4    3    3 -43947.552   1.000   0.200   1.000   0.200   1.000   0.200   1.000   0.200   1.000   0.200   3.980   1.000   1.000   1.000 
   9: -36847.324 -1333.337 -1025.204 -7875.365 -1250.887 -110.638  -4.178  -2.792  -2.792   20    4    3    3 -48452.517   17    4    3    3 -48457.717   1.000   0.200   1.000   0.200   1.000   0.200   1.000   0.200   1.000   0.200   4.502   1.000   1.000   1.000 
   0: -47333.046 -3535.476 -2417.667 -12234.818 -3119.478  -4.871  -4.178  -2.792  -2.792    1    4    3    3 -68655.119    1    4    3    3 -68655.119   1.000   0.200   1.000   0.200   1.000   0.200   1.000   0.200   1.000   0.200   1.000   1.000   1.000   1.000 
  25: -33842.915 -1242.827 -931.039 -6801.156 -1009.979 -100.718  -4.178  -2.792  -2.792   14    4    3    3 -43938.397   15    4    3    3 -43947.120   1.000   0.200   1.000   0.200   1.000   0.200   1.000   0.200   1.000   0.200   2.507   1.000   1.000   1.000 
  10: -36844.464 -1333.337 -1025.204 -7876.018 -1250.887 -108.478  -4.178  -2.792  -2.792   18    4    3    3 -48448.150   17    4    3    3 -48455.579   1.000   0.200   1.000   0.200   1.000   0.200   1.000   0.200   1.000   0.200   4.177   1.000   1.000   1.000 
  26: -33839.166 -1242.827 -931.039 -6800.644 -1009.979 -102.426  -4.178  -2.792  -2.792   14    4    3    3 -43935.843   15    4    3    3 -43942.179   1.000   0.200   1.000   0.200   1.000   0.200   1.000   0.200   1.000   0.200   3.655   1.000   1.000   1.000 
  27: -33837.342 -1242.827 -927.617 -6810.395 -1006.396 -107.733  -4.178  -2.792  -2.792   16    4    3    3 -43942.071   13    4    3    3 -43936.991   1.000   0.200   1.000   0.200   1.000   0.200   1.000   0.200   1.000   0.200   4.653   1.000   1.000   1.000 
  11: -36846.212 -1333.337 -1025.204 -7875.342 -1250.887 -110.904  -4.178  -2.792  -2.792   18    4    3    3 -48451.647   19    4    3    3 -48455.498   1.000   0.200   1.000   0.200   1.000   0.200   1.000   0.200   1.000   0.200   5.831   1.000   1.000   1.000 
  28: -33837.117 -1242.827 -927.617 -6810.395 -1006.396 -107.212  -4.178  -2.792  -2.792   16    4    3    3 -43941.325   15    4    3    3 -43945.511   1.000   0.200   1.000   0.200   1.000   0.200   1.000   0.200   1.000   0.200   6.534   1.000   1.000   1.000 
  29: -33833.434 -1242.827 -927.617 -6810.395 -1006.396 -108.726  -4.178  -2.792  -2.792   15    4    3    3 -43939.157   15    4    3    3 -43941.451   1.000   0.200   1.000   0.200   1.000   0.200   1.000   0.200   1.000   0.200   6.374   1.000   1.000   1.000 
  12: -36845.717 -1333.337 -1025.204 -7875.050 -1250.887 -108.010  -4.178  -2.792  -2.792   15    4    3    3 -48447.966   19    4    3    3 -48471.074   1.000   0.200   1.000   0.200   1.000   0.200   1.000   0.200   1.000   0.200   3.339   1.000   1.000   1.000 
  30: -33833.100 -1242.827 -927.617 -6810.395 -1006.396 -110.363  -4.178  -2.792  -2.792   15    4    3    3 -43940.460   15    4    3    3 -43945.222   1.000   0.200   1.000   0.200   1.000   0.200   1.000   0.200   1.000   0.200   5.907   1.000   1.000   1.000 
  31: -33834.268 -1242.827 -927.617 -6810.395 -1006.396 -104.842  -4.178  -2.792  -2.792   18    4    3    3 -43936.106   13    4    3    3 -43952.135   1.000   0.200   1.000   0.200   1.000   0.200   1.000   0.200   1.000   0.200   5.234   1.000   1.000   1.000 
  13: -36852.328 -1333.337 -1025.204 -7880.886 -1250.887 -106.061  -4.178  -2.792  -2.792   20    4    3    3 -48458.465   17    4    3    3 -48450.803   1.000   0.200   1.000   0.200   1.000   0.200   1.000   0.200   1.000   0.200   7.480   1.000   1.000   1.000 
  32: -33839.971 -1242.827 -931.039 -6801.156 -1009.979 -100.252  -4.178  -2.792  -2.792   14    4    3    3 -43934.986   16    4    3    3 -43937.509   1.000   0.200   1.000   0.200   1.000   0.200   1.000   0.200   1.000   0.200   3.035   1.000   1.000   1.000 
  33: -33840.020 -1242.827 -931.039 -6800.644 -1009.979 -102.509  -4.178  -2.792  -2.792   17    4    3    3 -43936.780   13    4    3    3 -43942.984   1.000   0.200   1.000   0.200   1.000   0.200   1.000   0.200   1.000   0.200   5.153   1.000   1.000   1.000 
  14: -36849.250 -1333.337 -1025.204 -7872.228 -1250.887 -104.284  -4.178  -2.792  -2.792   22    4    3    3 -48444.952   19    4    3    3 -48456.634   1.000   0.200   1.000   0.200   1.000   0.200   1.000   0.200   1.000   0.200   7.789   1.000   1.000   1.000 
  34: -33840.728 -1242.827 -931.039 -6797.221 -1009.979 -97.848  -4.178  -2.792  -2.792   16    4    3    3 -43929.405   15    4    3    3 -43940.628   1.000   0.200   1.000   0.200   1.000   0.200   1.000   0.200   1.000   0.200   5.667   1.000   1.000   1.000 
  35: -33834.435 -1242.827 -931.039 -6804.977 -1009.979 -101.168  -4.178  -2.792  -2.792   15    4    3    3 -43934.188   16    4    3    3 -43943.746   1.000   0.200   1.000   0.200   1.000   0.200   1.000   0.200   1.000   0.200   5.219   1.000   1.000   1.000 
  15: -36849.142 -1333.337 -1025.204 -7872.142 -1250.887 -105.894  -4.178  -2.792  -2.792   21    4    3    3 -48446.369   18    4    3    3 -48451.295   1.000   0.200   1.000   0.200   1.000   0.200   1.000   0.200   1.000   0.200   8.111   1.000   1.000   1.000 
  36: -33833.298 -1242.827 -931.039 -6807.349 -1009.979 -100.211  -4.178  -2.792  -2.792   14    4    3    3 -43934.465   14    4    3    3 -43946.187   1.000   0.200   1.000   0.200   1.000   0.200   1.000   0.200   1.000   0.200   3.142   1.000   1.000   1.000 
  37: -33840.728 -1242.827 -931.039 -6797.221 -1009.979 -104.254  -4.178  -2.792  -2.792   15    4    3    3 -43935.811   15    4    3    3 -43942.806   1.000   0.200   1.000   0.200   1.000   0.200   1.000   0.200   1.000   0.200   4.310   1.000   1.000   1.000 
   1: -31563.055 -2655.749 -1509.044 -8138.828 -2165.026 -107.759  -4.178  -2.792  -2.792   31    4    3    3 -46149.223   31    4    3    3 -46171.479   1.000   0.200   1.000   0.200   1.000   0.200   1.000   0.200   1.000   0.200   3.254   1.000   1.000   1.000 
  16: -36850.506 -1333.337 -1025.204 -7875.503 -1250.887 -105.789  -4.178  -2.792  -2.792   20    4    3    3 -48450.987   17    4    3    3 -48454.419   1.000   0.200   1.000   0.200   1.000   0.200   1.000   0.200   1.000   0.200   5.283   1.000   1.000   1.000 
  38: -33840.435 -1242.827 -931.039 -6797.221 -1009.979 -102.757  -4.178  -2.792  -2.792   14    4    3    3 -43934.020   14    4    3    3 -43962.140   1.000   0.200   1.000   0.200   1.000   0.200   1.000   0.200   1.000   0.200   5.129   1.000   1.000   1.000 
  39: -33834.435 -1242.827 -931.039 -6804.977 -1009.979 -101.703  -4.178  -2.792  -2.792   15    4    3    3 -43934.723   14    4    3    3 -43961.015   1.000   0.200   1.000   0.200   1.000   0.200   1.000   0.200   1.000   0.200   4.885   1.000   1.000   1.000 
  40: -33836.980 -1242.827 -931.039 -6800.644 -1009.979 -100.181  -4.178  -2.792  -2.792   16    4    3    3 -43931.413   14    4    3    3 -43942.029   1.000   0.200   1.000   0.200   1.000   0.200   1.000   0.200   1.000   0.200   4.495   1.000   1.000   1.000 
  17: -36846.554 -1335.842 -1025.204 -7872.955 -1252.478 -111.719  -4.178  -2.792  -2.792   16    4    3    3 -48454.514   18    4    3    3 -48453.889   1.000   0.200   1.000   0.200   1.000   0.200   1.000   0.200   1.000   0.200   2.924   1.000   1.000   1.000 
  18: -36844.696 -1333.337 -1025.204 -7875.651 -1250.887 -109.157  -4.178  -2.792  -2.792   18    4    3    3 -48448.694   19    4    3    3 -48463.902   1.000   0.200   1.000   0.200   1.000   0.200   1.000   0.200   1.000   0.200   4.654   1.000   1.000   1.000 
  19: -36850.820 -1333.337 -1025.204 -7878.925 -1250.887 -108.006  -4.178  -2.792  -2.792   20    4    3    3 -48456.941   19    4    3    3 -48466.297   1.000   0.200   1.000   0.200   1.000   0.200   1.000   0.200   1.000   0.200   6.530   1.000   1.000   1.000 
  20: -36850.730 -1333.337 -1025.204 -7871.712 -1250.887 -108.134  -4.178  -2.792  -2.792   20    4    3    3 -48449.766   21    4    3    3 -48460.372   1.000   0.200   1.000   0.200   1.000   0.200   1.000   0.200   1.000   0.200   3.425   1.000   1.000   1.000 
  21: -36848.772 -1333.337 -1025.204 -7871.712 -1250.887 -112.125  -4.178  -2.792  -2.792   18    4    3    3 -48451.799   16    4    3    3 -48459.767   1.000   0.200   1.000   0.200   1.000   0.200   1.000   0.200   1.000   0.200   3.542   1.000   1.000   1.000 
  22: -36846.027 -1333.337 -1025.204 -7871.942 -1250.887 -108.864  -4.178  -2.792  -2.792   18    4    3    3 -48446.023   17    4    3    3 -48464.201   1.000   0.200   1.000   0.200   1.000   0.200   1.000   0.200   1.000   0.200   4.794   1.000   1.000   1.000 
  23: -36848.423 -1333.337 -1025.204 -7872.228 -1250.887 -108.370  -4.178  -2.792  -2.792   16    4    3    3 -48448.211   19    4    3    3 -48467.730   1.000   0.200   1.000   0.200   1.000   0.200   1.000   0.200   1.000   0.200   3.311   1.000   1.000   1.000 
  24: -36850.593 -1333.337 -1025.204 -7872.142 -1250.887 -110.272  -4.178  -2.792  -2.792   14    4    3    3 -48452.196   19    4    3    3 -48458.509   1.000   0.200   1.000   0.200   1.000   0.200   1.000   0.200   1.000   0.200   2.646   1.000   1.000   1.000 
  25: -36852.245 -1333.337 -1025.204 -7872.561 -1250.887 -106.294  -4.178  -2.792  -2.792   17    4    3    3 -48450.290   17    4    3    3 -48454.396   1.000   0.200   1.000   0.200   1.000   0.200   1.000   0.200   1.000   0.200   4.092   1.000   1.000   1.000 
  26: -36856.048 -1333.337 -1025.204 -7871.076 -1250.887 -106.036  -4.178  -2.792  -2.792   20    4    3    3 -48452.351   20    4    3    3 -48464.692   1.000   0.200   1.000   0.200   1.000   0.200   1.000   0.200   1.000   0.200   6.238   1.000   1.000   1.000 
  27: -36852.292 -1333.337 -1025.204 -7871.076 -1250.887 -106.512  -4.178  -2.792  -2.792   21    4    3    3 -48449.070   20    4    3    3 -48455.248   1.000   0.200   1.000   0.200   1.000   0.200   1.000   0.200   1.000   0.200   8.252   1.000   1.000   1.000 
  28: -36855.850 -1333.337 -1025.204 -7867.953 -1250.887 -108.525  -4.178  -2.792  -2.792   19    4    3    3 -48451.518   21    4    3    3 -48459.301   1.000   0.200   1.000   0.200   1.000   0.200   1.000   0.200   1.000   0.200   6.629   1.000   1.000   1.000 
  29: -36852.169 -1333.337 -1025.204 -7868.568 -1250.887 -112.250  -4.178  -2.792  -2.792   19    4    3    3 -48452.177   18    4    3    3 -48460.378   1.000   0.200   1.000   0.200   1.000   0.200   1.000   0.200   1.000   0.200   8.111   1.000   1.000   1.000 
  30: -36847.330 -1333.337 -1025.204 -7878.061 -1250.887 -107.049  -4.178  -2.792  -2.792   21    4    3    3 -48451.630   19    4    3    3 -48457.863   1.000   0.200   1.000   0.200   1.000   0.200   1.000   0.200   1.000   0.200   6.437   1.000   1.000   1.000 
  31: -36859.465 -1333.337 -1025.204 -7873.900 -1250.887 -107.573  -4.178  -2.792  -2.792   22    4    3    3 -48460.128   15    4    3    3 -48463.292   1.000   0.200   1.000   0.200   1.000   0.200   1.000   0.200   1.000   0.200   6.019   1.000   1.000   1.000 
  32: -36856.297 -1332.820 -1025.204 -7876.228 -1250.887 -107.627  -4.178  -2.792  -2.792   19    4    3    3 -48458.824   20    4    3    3 -48463.564   1.000   0.200   1.000   0.200   1.000   0.200   1.000   0.200   1.000   0.200   9.928   1.000   1.000   1.000 
  33: -36848.357 -1333.337 -1025.204 -7875.671 -1250.887 -108.310  -4.178  -2.792  -2.792   21    4    3    3 -48451.527   22    4    3    3 -48454.152   1.000   0.200   1.000   0.200   1.000   0.200   1.000   0.200   1.000   0.200   8.948   1.000   1.000   1.000 
  34: -36850.423 -1333.337 -1025.204 -7882.109 -1250.887 -107.193  -4.178  -2.792  -2.792   20    4    3    3 -48458.915   19    4    3    3 -48458.927   1.000   0.200   1.000   0.200   1.000   0.200   1.000   0.200   1.000   0.200   5.366   1.000   1.000   1.000 
  35: -36843.069 -1333.337 -1025.204 -7872.349 -1250.887 -113.359  -4.178  -2.792  -2.792   17    4    3    3 -48447.967   20    4    3    3 -48457.684   1.000   0.200   1.000   0.200   1.000   0.200   1.000   0.200   1.000   0.200   5.297   1.000   1.000   1.000 
  36: -36844.301 -1333.337 -1025.204 -7872.349 -1250.887 -110.706  -4.178  -2.792  -2.792   16    4    3    3 -48446.545   20    4    3    3 -48462.899   1.000   0.200   1.000   0.200   1.000   0.200   1.000   0.200   1.000   0.200   4.942   1.000   1.000   1.000 
  37: -36854.868 -1333.337 -1025.204 -7875.953 -1250.887 -111.213  -4.178  -2.792  -2.792   17    4    3    3 -48461.224   20    4    3    3 -48472.880   1.000   0.200   1.000   0.200   1.000   0.200   1.000   0.200   1.000   0.200   7.786   1.000   1.000   1.000 
  38: -36848.317 -1333.337 -1025.204 -7871.712 -1250.887 -109.700  -4.178  -2.792  -2.792   19    4    3    3 -48448.919   18    4    3    3 -48462.786   1.000   0.200   1.000   0.200   1.000   0.200   1.000   0.200   1.000   0.200   6.531   1.000   1.000   1.000 
  39: -36850.042 -1333.337 -1025.204 -7872.041 -1250.887 -109.487  -4.178  -2.792  -2.792   19    4    3    3 -48450.760   17    4    3    3 -48454.667   1.000   0.200   1.000   0.200   1.000   0.200   1.000   0.200   1.000   0.200   7.300   1.000   1.000   1.000 
  40: -36845.314 -1333.337 -1025.204 -7873.871 -1250.887 -110.125  -4.178  -2.792  -2.792   17    4    3    3 -48448.499   19    4    3    3 -48459.866   1.000   0.200   1.000   0.200   1.000   0.200   1.000   0.200   1.000   0.200   6.651   1.000   1.000   1.000 
   2: -31464.515 -2640.190 -1510.460 -8112.259 -2170.026 -85.222  -4.178  -2.792  -2.792   38    4    3    3 -45992.434   34    4    3    3 -46008.545   1.000   0.200   1.000   0.200   1.000   0.200   1.000   0.200   1.000   0.200   8.674   1.000   1.000   1.000 
