   0: -47333.046 -3535.476 -2417.667 -12234.818 -3119.478  -4.871  -4.178  -2.792  -2.792    1    4    3    3 -68655.119   1.000   0.200   1.000   0.200   1.000   0.200   1.000   0.200   1.000   0.200   1.000   1.000   1.000   1.000 
   1: -31574.230 -2655.749 -1509.044 -8138.696 -2165.026 -111.891  -4.178  -2.792  -2.792   31    4    3    3 -46164.398   1.000   0.200   1.000   0.200   1.000   0.200   1.000   0.200   1.000   0.200   2.678   1.000   1.000   1.000 
   2: -31466.677 -2640.190 -1510.460 -8111.047 -2170.026 -93.289  -4.178  -2.792  -2.792   36    4    3    3 -46001.450   1.000   0.200   1.000   0.200   1.000   0.200   1.000   0.200   1.000   0.200   6.217   1.000   1.000   1.000 
   3: -31460.227 -2640.190 -1510.460 -8119.643 -2170.026 -87.391  -4.178  -2.792  -2.792   36    4    3    3 -45997.698   1.000   0.200   1.000   0.200   1.000   0.200   1.000   0.200   1.000   0.200  18.280   1.000   1.000   1.000 
   4: -31463.437 -2640.190 -1510.460 -8117.543 -2170.026 -82.246  -4.178  -2.792  -2.792   38    4    3    3 -45993.664   1.000   0.200   1.000   0.200   1.000   0.200   1.000   0.200   1.000   0.200  18.161   1.000   1.000   1.000 
   5: -31464.064 -2640.190 -1510.460 -8117.173 -2170.026 -82.494  -4.178  -2.792  -2.792   38    4    3    3 -45994.169   1.000   0.200   1.000   0.200   1.000   0.200   1.000   0.200   1.000   0.200  12.695   1.000   1.000   1.000 
   6: -31462.643 -2640.190 -1510.460 -8117.173 -2170.026 -82.143  -4.178  -2.792  -2.792   38    4    3    3 -45992.396   1.000   0.200   1.000   0.200   1.000   0.200   1.000   0.200   1.000   0.200  17.651   1.000   1.000   1.000 
   7: -31471.617 -2640.190 -1510.460 -8110.671 -2170.026 -80.817  -4.178  -2.792  -2.792   39    4    3    3 -45993.542   1.000   0.200   1.000   0.200   1.000   0.200   1.000   0.200   1.000   0.200  22.830   1.000   1.000   1.000 
   8: -31467.648 -2640.190 -1510.460 -8115.961 -2170.026 -73.727  -4.178  -2.792  -2.792   41    4    3    3 -45987.773   1.000   0.200   1.000   0.200   1.000   0.200   1.000   0.200   1.000   0.200  15.527   1.000   1.000   1.000 
   9: -31467.648 -2640.190 -1510.460 -8115.961 -2170.026 -81.249  -4.178  -2.792  -2.792   39    4    3    3 -45995.295   1.000   0.200   1.000   0.200   1.000   0.200   1.000   0.200   1.000   0.200  10.054   1.000   1.000   1.000 
  10: -31465.593 -2640.190 -1510.460 -8115.843 -2170.026 -85.156  -4.178  -2.792  -2.792   37    4    3    3 -45997.029   1.000   0.200   1.000   0.200   1.000   0.200   1.000   0.200   1.000   0.200  10.983   1.000   1.000   1.000 
  11: -31464.515 -2640.190 -1510.460 -8112.259 -2170.026 -87.997  -4.178  -2.792  -2.792   36    4    3    3 -45995.210   1.000   0.200   1.000   0.200   1.000   0.200   1.000   0.200   1.000   0.200   9.459   1.000   1.000   1.000 
  12: -31462.941 -2640.190 -1510.460 -8118.430 -2170.026 -82.261  -4.178  -2.792  -2.792   37    4    3    3 -45994.070   1.000   0.200   1.000   0.200   1.000   0.200   1.000   0.200   1.000   0.200  16.127   1.000   1.000   1.000 
  13: -31464.650 -2640.190 -1510.460 -8118.756 -2170.026 -84.639  -4.178  -2.792  -2.792   37    4    3    3 -45998.482   1.000   0.200   1.000   0.200   1.000   0.200   1.000   0.200   1.000   0.200  18.789   1.000   1.000   1.000 
  14: -31461.704 -2640.190 -1510.460 -8120.756 -2170.026 -76.410  -4.178  -2.792  -2.792   40    4    3    3 -45989.308   1.000   0.200   1.000   0.200   1.000   0.200   1.000   0.200   1.000   0.200  16.050   1.000   1.000   1.000 
  15: -31458.600 -2640.190 -1510.460 -8118.293 -2170.026 -81.264  -4.178  -2.792  -2.792   38    4    3    3 -45988.594   1.000   0.200   1.000   0.200   1.000   0.200   1.000   0.200   1.000   0.200  15.408   1.000   1.000   1.000 
  16: -31471.339 -2640.190 -1510.460 -8113.188 -2170.026 -85.976  -4.178  -2.792  -2.792   38    4    3    3 -46000.941   1.000   0.200   1.000   0.200   1.000   0.200   1.000   0.200   1.000   0.200   7.794   1.000   1.000   1.000 
  17: -31466.966 -2640.190 -1510.460 -8116.494 -2170.026 -85.313  -4.178  -2.792  -2.792   36    4    3    3 -45999.211   1.000   0.200   1.000   0.200   1.000   0.200   1.000   0.200   1.000   0.200  13.939   1.000   1.000   1.000 
  18: -31466.677 -2640.190 -1510.460 -8111.047 -2170.026 -84.215  -4.178  -2.792  -2.792   37    4    3    3 -45992.376   1.000   0.200   1.000   0.200   1.000   0.200   1.000   0.200   1.000   0.200  13.148   1.000   1.000   1.000 
  19: -31468.099 -2640.190 -1510.460 -8111.047 -2170.026 -78.918  -4.178  -2.792  -2.792   39    4    3    3 -45988.501   1.000   0.200   1.000   0.200   1.000   0.200   1.000   0.200   1.000   0.200  19.410   1.000   1.000   1.000 
  20: -31458.600 -2640.190 -1510.460 -8118.293 -2170.026 -81.265  -4.178  -2.792  -2.792   38    4    3    3 -45988.595   1.000   0.200   1.000   0.200   1.000   0.200   1.000   0.200   1.000   0.200  15.953   1.000   1.000   1.000 
  21: -31461.520 -2640.190 -1510.460 -8118.430 -2170.026 -85.502  -4.178  -2.792  -2.792   37    4    3    3 -45995.890   1.000   0.200   1.000   0.200   1.000   0.200   1.000   0.200   1.000   0.200  10.494   1.000   1.000   1.000 
  22: -31459.309 -2640.190 -1510.460 -8120.293 -2170.026 -83.845  -4.178  -2.792  -2.792   37    4    3    3 -45993.885   1.000   0.200   1.000   0.200   1.000   0.200   1.000   0.200   1.000   0.200  18.463   1.000   1.000   1.000 
  23: -31463.437 -2640.190 -1510.460 -8117.543 -2170.026 -77.073  -4.178  -2.792  -2.792   40    4    3    3 -45988.491   1.000   0.200   1.000   0.200   1.000   0.200   1.000   0.200   1.000   0.200  13.382   1.000   1.000   1.000 
  24: -31464.064 -2640.190 -1510.460 -8117.173 -2170.026 -83.162  -4.178  -2.792  -2.792   38    4    3    3 -45994.836   1.000   0.200   1.000   0.200   1.000   0.200   1.000   0.200   1.000   0.200  11.403   1.000   1.000   1.000 
  25: -31459.524 -2640.190 -1510.460 -8119.407 -2170.026 -84.735  -4.178  -2.792  -2.792   37    4    3    3 -45994.102   1.000   0.200   1.000   0.200   1.000   0.200   1.000   0.200   1.000   0.200  14.130   1.000   1.000   1.000 
  26: -31465.888 -2640.190 -1510.460 -8112.910 -2170.026 -86.000  -4.178  -2.792  -2.792   36    4    3    3 -45995.236   1.000   0.200   1.000   0.200   1.000   0.200   1.000   0.200   1.000   0.200  14.876   1.000   1.000   1.000 
  27: -31461.704 -2640.190 -1510.460 -8120.756 -2170.026 -79.208  -4.178  -2.792  -2.792   39    4    3    3 -45992.106   1.000   0.200   1.000   0.200   1.000   0.200   1.000   0.200   1.000   0.200  16.986   1.000   1.000   1.000 
  28: -31462.941 -2640.190 -1510.460 -8118.430 -2170.026 -81.801  -4.178  -2.792  -2.792   38    4    3    3 -45993.610   1.000   0.200   1.000   0.200   1.000   0.200   1.000   0.200   1.000   0.200  12.696   1.000   1.000   1.000 
  29: -31465.728 -2640.190 -1510.460 -8117.543 -2170.026 -80.290  -4.178  -2.792  -2.792   39    4    3    3 -45993.999   1.000   0.200   1.000   0.200   1.000   0.200   1.000   0.200   1.000   0.200  12.063   1.000   1.000   1.000 
  30: -31458.600 -2640.190 -1510.460 -8118.293 -2170.026 -86.701  -4.178  -2.792  -2.792   36    4    3    3 -45994.031   1.000   0.200   1.000   0.200   1.000   0.200   1.000   0.200   1.000   0.200  15.014   1.000   1.000   1.000 
  31: -31467.648 -2640.190 -1510.460 -8115.961 -2170.026 -79.500  -4.178  -2.792  -2.792   39    4    3    3 -45993.546   1.000   0.200   1.000   0.200   1.000   0.200   1.000   0.200   1.000   0.200  12.231   1.000   1.000   1.000 
  32: -31460.282 -2640.190 -1510.460 -8120.756 -2170.026 -79.212  -4.178  -2.792  -2.792   39    4    3    3 -45990.688   1.000   0.200   1.000   0.200   1.000   0.200   1.000   0.200   1.000   0.200  17.039   1.000   1.000   1.000 
  33: -31462.941 -2640.190 -1510.460 -8118.430 -2170.026 -76.121  -4.178  -2.792  -2.792   40    4    3    3 -45987.930   1.000   0.200   1.000   0.200   1.000   0.200   1.000   0.200   1.000   0.200  14.057   1.000   1.000   1.000 
  34: -31458.600 -2640.190 -1510.460 -8118.293 -2170.026 -86.792  -4.178  -2.792  -2.792   36    4    3    3 -45994.122   1.000   0.200   1.000   0.200   1.000   0.200   1.000   0.200   1.000   0.200  15.872   1.000   1.000   1.000 
  35: -31459.854 -2640.190 -1510.460 -8118.756 -2170.026 -82.072  -4.178  -2.792  -2.792   38    4    3    3 -45991.119   1.000   0.200   1.000   0.200   1.000   0.200   1.000   0.200   1.000   0.200  14.213   1.000   1.000   1.000 
  36: -31462.941 -2640.190 -1510.460 -8118.430 -2170.026 -75.962  -4.178  -2.792  -2.792   40    4    3    3 -45987.771   1.000   0.200   1.000   0.200   1.000   0.200   1.000   0.200   1.000   0.200  19.460   1.000   1.000   1.000 
  37: -31463.866 -2640.190 -1510.460 -8119.544 -2170.026 -82.356  -4.178  -2.792  -2.792   38    4    3    3 -45996.203   1.000   0.200   1.000   0.200   1.000   0.200   1.000   0.200   1.000   0.200  13.072   1.000   1.000   1.000 
  38: -31457.936 -2640.190 -1510.460 -8119.643 -2170.026 -81.263  -4.178  -2.792  -2.792   38    4    3    3 -45989.280   1.000   0.200   1.000   0.200   1.000   0.200   1.000   0.200   1.000   0.200  15.882   1.000   1.000   1.000 
  39: -31463.437 -2640.190 -1510.460 -8117.543 -2170.026 -82.382  -4.178  -2.792  -2.792   38    4    3    3 -45993.801   1.000   0.200   1.000   0.200   1.000   0.200   1.000   0.200   1.000   0.200  12.996   1.000   1.000   1.000 
  40: -31462.941 -2640.190 -1510.460 -8118.430 -2170.026 -80.039  -4.178  -2.792  -2.792   39    4    3    3 -45991.848   1.000   0.200   1.000   0.200   1.000   0.200   1.000   0.200   1.000   0.200  11.397   1.000   1.000   1.000 
   0: -47333.046 -3535.476 -2417.667 -12234.818 -3119.478  -4.871  -4.178  -2.792  -2.792    1    4    3    3 -68655.119   1.000   0.200   1.000   0.200   1.000   0.200   1.000   0.200   1.000   0.200   1.000   1.000   1.000   1.000 
   1: -31574.230 -2655.749 -1509.044 -8138.696 -2165.026 -111.891  -4.178  -2.792  -2.792   31    4    3    3 -46164.398   1.000   0.200   1.000   0.200   1.000   0.200   1.000   0.200   1.000   0.200   2.678   1.000   1.000   1.000 
   2: -31466.677 -2640.190 -1510.460 -8111.047 -2170.026 -93.289  -4.178  -2.792  -2.792   36    4    3    3 -46001.450   1.000   0.200   1.000   0.200   1.000   0.200   1.000   0.200   1.000   0.200   6.217   1.000   1.000   1.000 
   3: -31460.227 -2640.190 -1510.460 -8119.643 -2170.026 -87.391  -4.178  -2.792  -2.792   36    4    3    3 -45997.698   1.000   0.200   1.000   0.200   1.000   0.200   1.000   0.200   1.000   0.200  18.280   1.000   1.000   1.000 
   4: -31463.437 -2640.190 -1510.460 -8117.543 -2170.026 -82.246  -4.178  -2.792  -2.792   38    4    3    3 -45993.664   1.000   0.200   1.000   0.200   1.000   0.200   1.000   0.200   1.000   0.200  18.161   1.000   1.000   1.000 
   5: -31464.064 -2640.190 -1510.460 -8117.173 -2170.026 -82.494  -4.178  -2.792  -2.792   38    4    3    3 -45994.169   1.000   0.200   1.000   0.200   1.000   0.200   1.000   0.200   1.000   0.200  12.695   1.000   1.000   1.000 
   6: -31462.643 -2640.190 -1510.460 -8117.173 -2170.026 -82.143  -4.178  -2.792  -2.792   38    4    3    3 -45992.396   1.000   0.200   1.000   0.200   1.000   0.200   1.000   0.200   1.000   0.200  17.651   1.000   1.000   1.000 
   7: -31471.617 -2640.190 -1510.460 -8110.671 -2170.026 -80.817  -4.178  -2.792  -2.792   39    4    3    3 -45993.542   1.000   0.200   1.000   0.200   1.000   0.200   1.000   0.200   1.000   0.200  22.830   1.000   1.000   1.000 
   8: -31467.648 -2640.190 -1510.460 -8115.961 -2170.026 -73.727  -4.178  -2.792  -2.792   41    4    3    3 -45987.773   1.000   0.200   1.000   0.200   1.000   0.200   1.000   0.200   1.000   0.200  15.527   1.000   1.000   1.000 
   9: -31467.648 -2640.190 -1510.460 -8115.961 -2170.026 -81.249  -4.178  -2.792  -2.792   39    4    3    3 -45995.295   1.000   0.200   1.000   0.200   1.000   0.200   1.000   0.200   1.000   0.200  10.054   1.000   1.000   1.000 
  10: -31465.593 -2640.190 -1510.460 -8115.843 -2170.026 -85.156  -4.178  -2.792  -2.792   37    4    3    3 -45997.029   1.000   0.200   1.000   0.200   1.000   0.200   1.000   0.200   1.000   0.200  10.983   1.000   1.000   1.000 
  11: -31464.515 -2640.190 -1510.460 -8112.259 -2170.026 -87.997  -4.178  -2.792  -2.792   36    4    3    3 -45995.210   1.000   0.200   1.000   0.200   1.000   0.200   1.000   0.200   1.000   0.200   9.459   1.000   1.000   1.000 
  12: -31462.941 -2640.190 -1510.460 -8118.430 -2170.026 -82.261  -4.178  -2.792  -2.792   37    4    3    3 -45994.070   1.000   0.200   1.000   0.200   1.000   0.200   1.000   0.200   1.000   0.200  16.127   1.000   1.000   1.000 
  13: -31464.650 -2640.190 -1510.460 -8118.756 -2170.026 -84.639  -4.178  -2.792  -2.792   37    4    3    3 -45998.482   1.000   0.200   1.000   0.200   1.000   0.200   1.000   0.200   1.000   0.200  18.789   1.000   1.000   1.000 
  14: -31461.704 -2640.190 -1510.460 -8120.756 -2170.026 -76.410  -4.178  -2.792  -2.792   40    4    3    3 -45989.308   1.000   0.200   1.000   0.200   1.000   0.200   1.000   0.200   1.000   0.200  16.050   1.000   1.000   1.000 
  15: -31458.600 -2640.190 -1510.460 -8118.293 -2170.026 -81.264  -4.178  -2.792  -2.792   38    4    3    3 -45988.594   1.000   0.200   1.000   0.200   1.000   0.200   1.000   0.200   1.000   0.200  15.408   1.000   1.000   1.000 
  16: -31471.339 -2640.190 -1510.460 -8113.188 -2170.026 -85.976  -4.178  -2.792  -2.792   38    4    3    3 -46000.941   1.000   0.200   1.000   0.200   1.000   0.200   1.000   0.200   1.000   0.200   7.794   1.000   1.000   1.000 
  17: -31466.966 -2640.190 -1510.460 -8116.494 -2170.026 -85.313  -4.178  -2.792  -2.792   36    4    3    3 -45999.211   1.000   0.200   1.000   0.200   1.000   0.200   1.000   0.200   1.000   0.200  13.939   1.000   1.000   1.000 
  18: -31466.677 -2640.190 -1510.460 -8111.047 -2170.026 -84.215  -4.178  -2.792  -2.792   37    4    3    3 -45992.376   1.000   0.200   1.000   0.200   1.000   0.200   1.000   0.200   1.000   0.200  13.148   1.000   1.000   1.000 
  19: -31468.099 -2640.190 -1510.460 -8111.047 -2170.026 -78.918  -4.178  -2.792  -2.792   39    4    3    3 -45988.501   1.000   0.200   1.000   0.200   1.000   0.200   1.000   0.200   1.000   0.200  19.410   1.000   1.000   1.000 
  20: -31458.600 -2640.190 -1510.460 -8118.293 -2170.026 -81.265  -4.178  -2.792  -2.792   38    4    3    3 -45988.595   1.000   0.200   1.000   0.200   1.000   0.200   1.000   0.200   1.000   0.200  15.953   1.000   1.000   1.000 
  21: -31461.520 -2640.190 -1510.460 -8118.430 -2170.026 -85.502  -4.178  -2.792  -2.792   37    4    3    3 -45995.890   1.000   0.200   1.000   0.200   1.000   0.200   1.000   0.200   1.000   0.200  10.494   1.000   1.000   1.000 
  22: -31459.309 -2640.190 -1510.460 -8120.293 -2170.026 -83.845  -4.178  -2.792  -2.792   37    4    3    3 -45993.885   1.000   0.200   1.000   0.200   1.000   0.200   1.000   0.200   1.000   0.200  18.463   1.000   1.000   1.000 
  23: -31463.437 -2640.190 -1510.460 -8117.543 -2170.026 -77.073  -4.178  -2.792  -2.792   40    4    3    3 -45988.491   1.000   0.200   1.000   0.200   1.000   0.200   1.000   0.200   1.000   0.200  13.382   1.000   1.000   1.000 
  24: -31464.064 -2640.190 -1510.460 -8117.173 -2170.026 -83.162  -4.178  -2.792  -2.792   38    4    3    3 -45994.836   1.000   0.200   1.000   0.200   1.000   0.200   1.000   0.200   1.000   0.200  11.403   1.000   1.000   1.000 
  25: -31459.524 -2640.190 -1510.460 -8119.407 -2170.026 -84.735  -4.178  -2.792  -2.792   37    4    3    3 -45994.102   1.000   0.200   1.000   0.200   1.000   0.200   1.000   0.200   1.000   0.200  14.130   1.000   1.000   1.000 
  26: -31465.888 -2640.190 -1510.460 -8112.910 -2170.026 -86.000  -4.178  -2.792  -2.792   36    4    3    3 -45995.236   1.000   0.200   1.000   0.200   1.000   0.200   1.000   0.200   1.000   0.200  14.876   1.000   1.000   1.000 
  27: -31461.704 -2640.190 -1510.460 -8120.756 -2170.026 -79.208  -4.178  -2.792  -2.792   39    4    3    3 -45992.106   1.000   0.200   1.000   0.200   1.000   0.200   1.000   0.200   1.000   0.200  16.986   1.000   1.000   1.000 
  28: -31462.941 -2640.190 -1510.460 -8118.430 -2170.026 -81.801  -4.178  -2.792  -2.792   38    4    3    3 -45993.610   1.000   0.200   1.000   0.200   1.000   0.200   1.000   0.200   1.000   0.200  12.696   1.000   1.000   1.000 
  29: -31465.728 -2640.190 -1510.460 -8117.543 -2170.026 -80.290  -4.178  -2.792  -2.792   39    4    3    3 -45993.999   1.000   0.200   1.000   0.200   1.000   0.200   1.000   0.200   1.000   0.200  12.063   1.000   1.000   1.000 
  30: -31458.600 -2640.190 -1510.460 -8118.293 -2170.026 -86.701  -4.178  -2.792  -2.792   36    4    3    3 -45994.031   1.000   0.200   1.000   0.200   1.000   0.200   1.000   0.200   1.000   0.200  15.014   1.000   1.000   1.000 
  31: -31467.648 -2640.190 -1510.460 -8115.961 -2170.026 -79.500  -4.178  -2.792  -2.792   39    4    3    3 -45993.546   1.000   0.200   1.000   0.200   1.000   0.200   1.000   0.200   1.000   0.200  12.231   1.000   1.000   1.000 
  32: -31460.282 -2640.190 -1510.460 -8120.756 -2170.026 -79.212  -4.178  -2.792  -2.792   39    4    3    3 -45990.688   1.000   0.200   1.000   0.200   1.000   0.200   1.000   0.200   1.000   0.200  17.039   1.000   1.000   1.000 
  33: -31462.941 -2640.190 -1510.460 -8118.430 -2170.026 -76.121  -4.178  -2.792  -2.792   40    4    3    3 -45987.930   1.000   0.200   1.000   0.200   1.000   0.200   1.000   0.200   1.000   0.200  14.057   1.000   1.000   1.000 
  34: -31458.600 -2640.190 -1510.460 -8118.293 -2170.026 -86.792  -4.178  -2.792  -2.792   36    4    3    3 -45994.122   1.000   0.200   1.000   0.200   1.000   0.200   1.000   0.200   1.000   0.200  15.872   1.000   1.000   1.000 
  35: -31459.854 -2640.190 -1510.460 -8118.756 -2170.026 -82.072  -4.178  -2.792  -2.792   38    4    3    3 -45991.119   1.000   0.200   1.000   0.200   1.000   0.200   1.000   0.200   1.000   0.200  14.213   1.000   1.000   1.000 
  36: -31462.941 -2640.190 -1510.460 -8118.430 -2170.026 -75.962  -4.178  -2.792  -2.792   40    4    3    3 -45987.771   1.000   0.200   1.000   0.200   1.000   0.200   1.000   0.200   1.000   0.200  19.460   1.000   1.000   1.000 
  37: -31463.866 -2640.190 -1510.460 -8119.544 -2170.026 -82.356  -4.178  -2.792  -2.792   38    4    3    3 -45996.203   1.000   0.200   1.000   0.200   1.000   0.200   1.000   0.200   1.000   0.200  13.072   1.000   1.000   1.000 
  38: -31457.936 -2640.190 -1510.460 -8119.643 -2170.026 -81.263  -4.178  -2.792  -2.792   38    4    3    3 -45989.280   1.000   0.200   1.000   0.200   1.000   0.200   1.000   0.200   1.000   0.200  15.882   1.000   1.000   1.000 
  39: -31463.437 -2640.190 -1510.460 -8117.543 -2170.026 -82.382  -4.178  -2.792  -2.792   38    4    3    3 -45993.801   1.000   0.200   1.000   0.200   1.000   0.200   1.000   0.200   1.000   0.200  12.996   1.000   1.000   1.000 
  40: -31462.941 -2640.190 -1510.460 -8118.430 -2170.026 -80.039  -4.178  -2.792  -2.792   39    4    3    3 -45991.848   1.000   0.200   1.000   0.200   1.000   0.200   1.000   0.200   1.000   0.200  11.397   1.000   1.000   1.000 
  41: -31464.474 -2640.190 -1510.460 -8117.081 -2170.026 -84.702  -4.178  -2.792  -2.792   37    4    3    3 -45996.693   1.000   0.200   1.000   0.200   1.000   0.200   1.000   0.200   1.000   0.200  11.789   1.000   1.000   1.000 
  42: -31468.099 -2640.190 -1510.460 -8111.047 -2170.026 -84.003  -4.178  -2.792  -2.792   37    4    3    3 -45993.586   1.000   0.200   1.000   0.200   1.000   0.200   1.000   0.200   1.000   0.200  18.964   1.000   1.000   1.000 
  43: -31459.358 -2640.190 -1510.460 -8119.643 -2170.026 -81.440  -4.178  -2.792  -2.792   38    4    3    3 -45990.878   1.000   0.200   1.000   0.200   1.000   0.200   1.000   0.200   1.000   0.200  17.593   1.000   1.000   1.000 
  44: -31458.600 -2640.190 -1510.460 -8118.293 -2170.026 -82.237  -4.178  -2.792  -2.792   38    4    3    3 -45989.567   1.000   0.200   1.000   0.200   1.000   0.200   1.000   0.200   1.000   0.200  20.460   1.000   1.000   1.000 
  45: -31459.854 -2640.190 -1510.460 -8118.756 -2170.026 -82.225  -4.178  -2.792  -2.792   38    4    3    3 -45991.272   1.000   0.200   1.000   0.200   1.000   0.200   1.000   0.200   1.000   0.200  13.510   1.000   1.000   1.000 
  46: -31464.515 -2640.190 -1510.460 -8112.259 -2170.026 -87.969  -4.178  -2.792  -2.792   36    4    3    3 -45995.181   1.000   0.200   1.000   0.200   1.000   0.200   1.000   0.200   1.000   0.200  10.326   1.000   1.000   1.000 
  47: -31464.515 -2640.190 -1510.460 -8112.259 -2170.026 -86.694  -4.178  -2.792  -2.792   36    4    3    3 -45993.906   1.000   0.200   1.000   0.200   1.000   0.200   1.000   0.200   1.000   0.200  14.043   1.000   1.000   1.000 
  48: -31458.432 -2640.190 -1510.460 -8118.756 -2170.026 -81.955  -4.178  -2.792  -2.792   38    4    3    3 -45989.580   1.000   0.200   1.000   0.200   1.000   0.200   1.000   0.200   1.000   0.200  15.525   1.000   1.000   1.000 
  49: -31464.529 -2640.190 -1510.460 -8118.194 -2170.026 -80.336  -4.178  -2.792  -2.792   39    4    3    3 -45993.496   1.000   0.200   1.000   0.200   1.000   0.200   1.000   0.200   1.000   0.200  21.663   1.000   1.000   1.000 
  50: -31468.099 -2640.190 -1510.460 -8111.047 -2170.026 -79.806  -4.178  -2.792  -2.792   39    4    3    3 -45989.389   1.000   0.200   1.000   0.200   1.000   0.200   1.000   0.200   1.000   0.200  22.077   1.000   1.000   1.000 
  51: -31466.806 -2640.190 -1510.460 -8112.259 -2170.026 -89.334  -4.178  -2.792  -2.792   35    4    3    3 -45998.837   1.000   0.200   1.000   0.200   1.000   0.200   1.000   0.200   1.000   0.200  13.788   1.000   1.000   1.000 
  52: -31461.520 -2640.190 -1510.460 -8118.430 -2170.026 -79.209  -4.178  -2.792  -2.792   39    4    3    3 -45989.597   1.000   0.200   1.000   0.200   1.000   0.200   1.000   0.200   1.000   0.200  12.804   1.000   1.000   1.000 
  53: -31461.520 -2640.190 -1510.460 -8118.430 -2170.026 -81.277  -4.178  -2.792  -2.792   38    4    3    3 -45991.664   1.000   0.200   1.000   0.200   1.000   0.200   1.000   0.200   1.000   0.200  16.220   1.000   1.000   1.000 
  54: -31462.183 -2640.190 -1510.460 -8117.081 -2170.026 -82.671  -4.178  -2.792  -2.792   38    4    3    3 -45992.373   1.000   0.200   1.000   0.200   1.000   0.200   1.000   0.200   1.000   0.200  11.104   1.000   1.000   1.000 
  55: -31463.094 -2640.190 -1510.460 -8112.259 -2170.026 -90.216  -4.178  -2.792  -2.792   34    4    3    3 -45996.006   1.000   0.200   1.000   0.200   1.000   0.200   1.000   0.200   1.000   0.200  12.319   1.000   1.000   1.000 
  56: -31457.178 -2640.190 -1510.460 -8118.293 -2170.026 -87.421  -4.178  -2.792  -2.792   36    4    3    3 -45993.330   1.000   0.200   1.000   0.200   1.000   0.200   1.000   0.200   1.000   0.200  11.229   1.000   1.000   1.000 
  57: -31468.700 -2640.190 -1510.460 -8117.262 -2170.026 -78.729  -4.178  -2.792  -2.792   39    4    3    3 -45995.128   1.000   0.200   1.000   0.200   1.000   0.200   1.000   0.200   1.000   0.200  18.574   1.000   1.000   1.000 
  58: -31465.232 -2640.190 -1510.460 -8118.430 -2170.026 -82.819  -4.178  -2.792  -2.792   38    4    3    3 -45996.919   1.000   0.200   1.000   0.200   1.000   0.200   1.000   0.200   1.000   0.200  21.895   1.000   1.000   1.000 
  59: -31463.094 -2640.190 -1510.460 -8112.259 -2170.026 -87.123  -4.178  -2.792  -2.792   36    4    3    3 -45992.914   1.000   0.200   1.000   0.200   1.000   0.200   1.000   0.200   1.000   0.200  11.909   1.000   1.000   1.000 
  60: -31466.677 -2640.190 -1510.460 -8111.047 -2170.026 -83.953  -4.178  -2.792  -2.792   38    4    3    3 -45992.115   1.000   0.200   1.000   0.200   1.000   0.200   1.000   0.200   1.000   0.200   9.673   1.000   1.000   1.000 
  61: -31468.099 -2640.190 -1510.460 -8111.047 -2170.026 -81.396  -4.178  -2.792  -2.792   38    4    3    3 -45990.980   1.000   0.200   1.000   0.200   1.000   0.200   1.000   0.200   1.000   0.200  14.113   1.000   1.000   1.000 
  62: -31457.178 -2640.190 -1510.460 -8118.293 -2170.026 -84.241  -4.178  -2.792  -2.792   37    4    3    3 -45990.150   1.000   0.200   1.000   0.200   1.000   0.200   1.000   0.200   1.000   0.200  17.296   1.000   1.000   1.000 
  63: -31458.600 -2640.190 -1510.460 -8118.293 -2170.026 -81.274  -4.178  -2.792  -2.792   38    4    3    3 -45988.604   1.000   0.200   1.000   0.200   1.000   0.200   1.000   0.200   1.000   0.200  15.168   1.000   1.000   1.000 
  64: -31471.255 -2640.190 -1510.460 -8114.611 -2170.026 -85.032  -4.178  -2.792  -2.792   37    4    3    3 -46001.335   1.000   0.200   1.000   0.200   1.000   0.200   1.000   0.200   1.000   0.200  11.180   1.000   1.000   1.000 
  65: -31458.600 -2640.190 -1510.460 -8118.293 -2170.026 -84.294  -4.178  -2.792  -2.792   37    4    3    3 -45991.624   1.000   0.200   1.000   0.200   1.000   0.200   1.000   0.200   1.000   0.200  17.535   1.000   1.000   1.000 
  66: -31467.755 -2640.190 -1510.460 -8114.631 -2170.026 -82.240  -4.178  -2.792  -2.792   38    4    3    3 -45995.063   1.000   0.200   1.000   0.200   1.000   0.200   1.000   0.200   1.000   0.200  20.467   1.000   1.000   1.000 
  67: -31460.946 -2640.190 -1510.460 -8119.407 -2170.026 -79.214  -4.178  -2.792  -2.792   39    4    3    3 -45990.003   1.000   0.200   1.000   0.200   1.000   0.200   1.000   0.200   1.000   0.200  15.507   1.000   1.000   1.000 
  68: -31465.287 -2640.190 -1510.460 -8119.544 -2170.026 -80.045  -4.178  -2.792  -2.792   39    4    3    3 -45995.314   1.000   0.200   1.000   0.200   1.000   0.200   1.000   0.200   1.000   0.200  20.863   1.000   1.000   1.000 
  69: -31462.941 -2640.190 -1510.460 -8118.430 -2170.026 -78.509  -4.178  -2.792  -2.792   39    4    3    3 -45990.318   1.000   0.200   1.000   0.200   1.000   0.200   1.000   0.200   1.000   0.200  16.882   1.000   1.000   1.000 
  70: -31463.437 -2640.190 -1510.460 -8117.543 -2170.026 -79.283  -4.178  -2.792  -2.792   39    4    3    3 -45990.701   1.000   0.200   1.000   0.200   1.000   0.200   1.000   0.200   1.000   0.200  17.734   1.000   1.000   1.000 
  71: -31459.854 -2640.190 -1510.460 -8118.756 -2170.026 -80.416  -4.178  -2.792  -2.792   39    4    3    3 -45989.463   1.000   0.200   1.000   0.200   1.000   0.200   1.000   0.200   1.000   0.200  21.869   1.000   1.000   1.000 
  72: -31461.704 -2640.190 -1510.460 -8120.756 -2170.026 -76.891  -4.178  -2.792  -2.792   40    4    3    3 -45989.788   1.000   0.200   1.000   0.200   1.000   0.200   1.000   0.200   1.000   0.200  13.835   1.000   1.000   1.000 
  73: -31463.437 -2640.190 -1510.460 -8117.543 -2170.026 -76.914  -4.178  -2.792  -2.792   40    4    3    3 -45988.332   1.000   0.200   1.000   0.200   1.000   0.200   1.000   0.200   1.000   0.200  20.533   1.000   1.000   1.000 
  74: -31467.648 -2640.190 -1510.460 -8115.961 -2170.026 -78.646  -4.178  -2.792  -2.792   39    4    3    3 -45992.692   1.000   0.200   1.000   0.200   1.000   0.200   1.000   0.200   1.000   0.200  14.577   1.000   1.000   1.000 
  75: -31464.805 -2640.190 -1510.460 -8120.293 -2170.026 -88.185  -4.178  -2.792  -2.792   35    4    3    3 -46003.720   1.000   0.200   1.000   0.200   1.000   0.200   1.000   0.200   1.000   0.200  15.939   1.000   1.000   1.000 
  76: -31466.365 -2640.190 -1510.460 -8123.128 -2170.026 -78.785  -4.178  -2.792  -2.792   38    4    3    3 -45998.715   1.000   0.200   1.000   0.200   1.000   0.200   1.000   0.200   1.000   0.200  15.249   1.000   1.000   1.000 
  77: -31463.396 -2640.190 -1510.460 -8123.641 -2170.026 -81.348  -4.178  -2.792  -2.792   38    4    3    3 -45998.822   1.000   0.200   1.000   0.200   1.000   0.200   1.000   0.200   1.000   0.200  16.988   1.000   1.000   1.000 
  78: -31464.529 -2640.190 -1510.460 -8118.194 -2170.026 -79.221  -4.178  -2.792  -2.792   39    4    3    3 -45992.381   1.000   0.200   1.000   0.200   1.000   0.200   1.000   0.200   1.000   0.200  17.149   1.000   1.000   1.000 
  79: -31463.094 -2640.190 -1510.460 -8112.259 -2170.026 -84.131  -4.178  -2.792  -2.792   37    4    3    3 -45989.922   1.000   0.200   1.000   0.200   1.000   0.200   1.000   0.200   1.000   0.200  16.707   1.000   1.000   1.000 
  80: -31459.358 -2640.190 -1510.460 -8119.643 -2170.026 -81.332  -4.178  -2.792  -2.792   38    4    3    3 -45990.770   1.000   0.200   1.000   0.200   1.000   0.200   1.000   0.200   1.000   0.200  16.860   1.000   1.000   1.000 
  81: -31457.936 -2640.190 -1510.460 -8119.643 -2170.026 -81.362  -4.178  -2.792  -2.792   38    4    3    3 -45989.379   1.000   0.200   1.000   0.200   1.000   0.200   1.000   0.200   1.000   0.200  17.098   1.000   1.000   1.000 
  82: -31459.854 -2640.190 -1510.460 -8118.756 -2170.026 -82.447  -4.178  -2.792  -2.792   38    4    3    3 -45991.494   1.000   0.200   1.000   0.200   1.000   0.200   1.000   0.200   1.000   0.200  12.817   1.000   1.000   1.000 
  83: -31459.854 -2640.190 -1510.460 -8118.756 -2170.026 -81.961  -4.178  -2.792  -2.792   38    4    3    3 -45991.008   1.000   0.200   1.000   0.200   1.000   0.200   1.000   0.200   1.000   0.200  16.034   1.000   1.000   1.000 
  84: -31463.437 -2640.190 -1510.460 -8117.543 -2170.026 -82.127  -4.178  -2.792  -2.792   38    4    3    3 -45993.545   1.000   0.200   1.000   0.200   1.000   0.200   1.000   0.200   1.000   0.200  17.558   1.000   1.000   1.000 
  85: -31465.287 -2640.190 -1510.460 -8119.544 -2170.026 -76.435  -4.178  -2.792  -2.792   40    4    3    3 -45991.704   1.000   0.200   1.000   0.200   1.000   0.200   1.000   0.200   1.000   0.200  18.044   1.000   1.000   1.000 
  86: -31467.648 -2640.190 -1510.460 -8115.961 -2170.026 -76.437  -4.178  -2.792  -2.792   40    4    3    3 -45990.483   1.000   0.200   1.000   0.200   1.000   0.200   1.000   0.200   1.000   0.200  15.779   1.000   1.000   1.000 
  87: -31462.941 -2640.190 -1510.460 -8118.430 -2170.026 -75.696  -4.178  -2.792  -2.792   40    4    3    3 -45987.505   1.000   0.200   1.000   0.200   1.000   0.200   1.000   0.200   1.000   0.200  16.357   1.000   1.000   1.000 
  88: -31461.520 -2640.190 -1510.460 -8118.430 -2170.026 -81.347  -4.178  -2.792  -2.792   38    4    3    3 -45991.735   1.000   0.200   1.000   0.200   1.000   0.200   1.000   0.200   1.000   0.200  16.985   1.000   1.000   1.000 
  89: -31463.866 -2640.190 -1510.460 -8119.544 -2170.026 -76.400  -4.178  -2.792  -2.792   40    4    3    3 -45990.247   1.000   0.200   1.000   0.200   1.000   0.200   1.000   0.200   1.000   0.200  16.188   1.000   1.000   1.000 
  90: -31463.068 -2640.190 -1510.460 -8118.845 -2170.026 -81.287  -4.178  -2.792  -2.792   38    4    3    3 -45993.638   1.000   0.200   1.000   0.200   1.000   0.200   1.000   0.200   1.000   0.200  14.958   1.000   1.000   1.000 
  91: -31466.226 -2640.190 -1510.460 -8115.961 -2170.026 -81.405  -4.178  -2.792  -2.792   39    4    3    3 -45994.029   1.000   0.200   1.000   0.200   1.000   0.200   1.000   0.200   1.000   0.200  10.588   1.000   1.000   1.000 
  92: -31463.437 -2640.190 -1510.460 -8117.543 -2170.026 -83.992  -4.178  -2.792  -2.792   37    4    3    3 -45995.410   1.000   0.200   1.000   0.200   1.000   0.200   1.000   0.200   1.000   0.200  15.016   1.000   1.000   1.000 
  93: -31469.256 -2640.190 -1510.460 -8114.255 -2170.026 -84.718  -4.178  -2.792  -2.792   37    4    3    3 -45998.666   1.000   0.200   1.000   0.200   1.000   0.200   1.000   0.200   1.000   0.200  14.299   1.000   1.000   1.000 
  94: -31459.309 -2640.190 -1510.460 -8120.293 -2170.026 -88.809  -4.178  -2.792  -2.792   35    4    3    3 -45998.849   1.000   0.200   1.000   0.200   1.000   0.200   1.000   0.200   1.000   0.200  12.292   1.000   1.000   1.000 
  95: -31460.946 -2640.190 -1510.460 -8119.407 -2170.026 -82.025  -4.178  -2.792  -2.792   38    4    3    3 -45992.815   1.000   0.200   1.000   0.200   1.000   0.200   1.000   0.200   1.000   0.200  14.524   1.000   1.000   1.000 
  96: -31468.099 -2640.190 -1510.460 -8111.047 -2170.026 -84.112  -4.178  -2.792  -2.792   37    4    3    3 -45993.696   1.000   0.200   1.000   0.200   1.000   0.200   1.000   0.200   1.000   0.200  16.585   1.000   1.000   1.000 
  97: -31465.287 -2640.190 -1510.460 -8119.544 -2170.026 -79.014  -4.178  -2.792  -2.792   39    4    3    3 -45994.283   1.000   0.200   1.000   0.200   1.000   0.200   1.000   0.200   1.000   0.200  13.271   1.000   1.000   1.000 
  98: -31467.648 -2640.190 -1510.460 -8115.961 -2170.026 -75.379  -4.178  -2.792  -2.792   41    4    3    3 -45989.425   1.000   0.200   1.000   0.200   1.000   0.200   1.000   0.200   1.000   0.200  11.973   1.000   1.000   1.000 
  99: -31462.941 -2640.190 -1510.460 -8118.430 -2170.026 -75.813  -4.178  -2.792  -2.792   40    4    3    3 -45987.622   1.000   0.200   1.000   0.200   1.000   0.200   1.000   0.200   1.000   0.200  15.293   1.000   1.000   1.000 
 100: -31459.358 -2640.190 -1510.460 -8119.643 -2170.026 -78.570  -4.178  -2.792  -2.792   39    4    3    3 -45988.008   1.000   0.200   1.000   0.200   1.000   0.200   1.000   0.200   1.000   0.200  17.573   1.000   1.000   1.000 
 101: -31462.941 -2640.190 -1510.460 -8118.430 -2170.026 -75.733  -4.178  -2.792  -2.792   40    4    3    3 -45987.542   1.000   0.200   1.000   0.200   1.000   0.200   1.000   0.200   1.000   0.200  15.880   1.000   1.000   1.000 
 102: -31462.183 -2640.190 -1510.460 -8117.081 -2170.026 -78.551  -4.178  -2.792  -2.792   39    4    3    3 -45988.253   1.000   0.200   1.000   0.200   1.000   0.200   1.000   0.200   1.000   0.200  15.194   1.000   1.000   1.000 
 103: -31464.515 -2640.190 -1510.460 -8112.259 -2170.026 -84.019  -4.178  -2.792  -2.792   37    4    3    3 -45991.231   1.000   0.200   1.000   0.200   1.000   0.200   1.000   0.200   1.000   0.200  14.370   1.000   1.000   1.000 
 104: -31464.515 -2640.190 -1510.460 -8112.259 -2170.026 -81.280  -4.178  -2.792  -2.792   38    4    3    3 -45988.492   1.000   0.200   1.000   0.200   1.000   0.200   1.000   0.200   1.000   0.200  15.068   1.000   1.000   1.000 
 105: -31468.099 -2640.190 -1510.460 -8111.047 -2170.026 -81.347  -4.178  -2.792  -2.792   38    4    3    3 -45990.930   1.000   0.200   1.000   0.200   1.000   0.200   1.000   0.200   1.000   0.200  14.416   1.000   1.000   1.000 
 106: -31468.033 -2640.190 -1510.460 -8111.884 -2170.026 -81.962  -4.178  -2.792  -2.792   38    4    3    3 -45992.316   1.000   0.200   1.000   0.200   1.000   0.200   1.000   0.200   1.000   0.200  16.050   1.000   1.000   1.000 
 107: -31470.195 -2640.190 -1510.460 -8110.671 -2170.026 -85.247  -4.178  -2.792  -2.792   37    4    3    3 -45996.551   1.000   0.200   1.000   0.200   1.000   0.200   1.000   0.200   1.000   0.200  20.438   1.000   1.000   1.000 
 108: -31485.541 -2640.190 -1510.460 -8101.198 -2170.026 -80.686  -4.178  -2.792  -2.792   39    4    3    3 -45997.861   1.000   0.200   1.000   0.200   1.000   0.200   1.000   0.200   1.000   0.200  13.613   1.000   1.000   1.000 
 109: -31462.183 -2640.190 -1510.460 -8117.081 -2170.026 -87.087  -4.178  -2.792  -2.792   36    4    3    3 -45996.788   1.000   0.200   1.000   0.200   1.000   0.200   1.000   0.200   1.000   0.200  12.009   1.000   1.000   1.000 
 110: -31466.677 -2640.190 -1510.460 -8111.047 -2170.026 -84.460  -4.178  -2.792  -2.792   37    4    3    3 -45992.622   1.000   0.200   1.000   0.200   1.000   0.200   1.000   0.200   1.000   0.200  18.189   1.000   1.000   1.000 
 111: -31472.669 -2640.190 -1510.460 -8111.973 -2170.026 -79.132  -4.178  -2.792  -2.792   39    4    3    3 -45994.212   1.000   0.200   1.000   0.200   1.000   0.200   1.000   0.200   1.000   0.200  12.978   1.000   1.000   1.000 
 112: -31462.016 -2640.190 -1510.460 -8117.543 -2170.026 -82.006  -4.178  -2.792  -2.792   38    4    3    3 -45992.003   1.000   0.200   1.000   0.200   1.000   0.200   1.000   0.200   1.000   0.200  16.683   1.000   1.000   1.000 
 113: -31467.648 -2640.190 -1510.460 -8115.961 -2170.026 -74.108  -4.178  -2.792  -2.792   41    4    3    3 -45988.153   1.000   0.200   1.000   0.200   1.000   0.200   1.000   0.200   1.000   0.200  14.217   1.000   1.000   1.000 
 114: -31463.108 -2640.190 -1510.460 -8118.194 -2170.026 -84.167  -4.178  -2.792  -2.792   38    4    3    3 -45995.906   1.000   0.200   1.000   0.200   1.000   0.200   1.000   0.200   1.000   0.200  10.140   1.000   1.000   1.000 
 115: -31468.099 -2640.190 -1510.460 -8111.047 -2170.026 -78.910  -4.178  -2.792  -2.792   39    4    3    3 -45988.493   1.000   0.200   1.000   0.200   1.000   0.200   1.000   0.200   1.000   0.200  13.565   1.000   1.000   1.000 
 116: -31460.946 -2640.190 -1510.460 -8119.407 -2170.026 -79.292  -4.178  -2.792  -2.792   39    4    3    3 -45990.081   1.000   0.200   1.000   0.200   1.000   0.200   1.000   0.200   1.000   0.200  14.848   1.000   1.000   1.000 
 117: -31466.677 -2640.190 -1510.460 -8111.047 -2170.026 -81.329  -4.178  -2.792  -2.792   38    4    3    3 -45989.491   1.000   0.200   1.000   0.200   1.000   0.200   1.000   0.200   1.000   0.200  14.545   1.000   1.000   1.000 
 118: -31464.064 -2640.190 -1510.460 -8117.173 -2170.026 -76.534  -4.178  -2.792  -2.792   40    4    3    3 -45988.208   1.000   0.200   1.000   0.200   1.000   0.200   1.000   0.200   1.000   0.200  18.797   1.000   1.000   1.000 
 119: -31464.064 -2640.190 -1510.460 -8117.173 -2170.026 -76.721  -4.178  -2.792  -2.792   40    4    3    3 -45988.395   1.000   0.200   1.000   0.200   1.000   0.200   1.000   0.200   1.000   0.200  19.764   1.000   1.000   1.000 
 120: -31461.704 -2640.190 -1510.460 -8120.756 -2170.026 -82.078  -4.178  -2.792  -2.792   38    4    3    3 -45994.976   1.000   0.200   1.000   0.200   1.000   0.200   1.000   0.200   1.000   0.200  17.258   1.000   1.000   1.000 
 121: -31464.529 -2640.190 -1510.460 -8118.194 -2170.026 -79.571  -4.178  -2.792  -2.792   39    4    3    3 -45992.732   1.000   0.200   1.000   0.200   1.000   0.200   1.000   0.200   1.000   0.200  19.251   1.000   1.000   1.000 
 122: -31468.099 -2640.190 -1510.460 -8111.047 -2170.026 -78.739  -4.178  -2.792  -2.792   39    4    3    3 -45988.322   1.000   0.200   1.000   0.200   1.000   0.200   1.000   0.200   1.000   0.200  14.154   1.000   1.000   1.000 
 123: -31459.358 -2640.190 -1510.460 -8119.643 -2170.026 -84.171  -4.178  -2.792  -2.792   38    4    3    3 -45993.609   1.000   0.200   1.000   0.200   1.000   0.200   1.000   0.200   1.000   0.200  24.606   1.000   1.000   1.000 
 124: -31457.936 -2640.190 -1510.460 -8119.643 -2170.026 -84.036  -4.178  -2.792  -2.792   37    4    3    3 -45992.053   1.000   0.200   1.000   0.200   1.000   0.200   1.000   0.200   1.000   0.200  15.970   1.000   1.000   1.000 
 125: -31462.941 -2640.190 -1510.460 -8118.430 -2170.026 -85.684  -4.178  -2.792  -2.792   36    4    3    3 -45997.493   1.000   0.200   1.000   0.200   1.000   0.200   1.000   0.200   1.000   0.200  17.214   1.000   1.000   1.000 
 126: -31462.016 -2640.190 -1510.460 -8117.543 -2170.026 -82.273  -4.178  -2.792  -2.792   38    4    3    3 -45992.269   1.000   0.200   1.000   0.200   1.000   0.200   1.000   0.200   1.000   0.200  18.279   1.000   1.000   1.000 
 127: -31463.437 -2640.190 -1510.460 -8117.543 -2170.026 -79.280  -4.178  -2.792  -2.792   39    4    3    3 -45990.698   1.000   0.200   1.000   0.200   1.000   0.200   1.000   0.200   1.000   0.200  17.707   1.000   1.000   1.000 
 128: -31466.612 -2640.190 -1510.460 -8111.884 -2170.026 -85.367  -4.178  -2.792  -2.792   37    4    3    3 -45994.299   1.000   0.200   1.000   0.200   1.000   0.200   1.000   0.200   1.000   0.200  18.897   1.000   1.000   1.000 
 129: -31463.437 -2640.190 -1510.460 -8117.543 -2170.026 -82.040  -4.178  -2.792  -2.792   38    4    3    3 -45993.459   1.000   0.200   1.000   0.200   1.000   0.200   1.000   0.200   1.000   0.200  12.157   1.000   1.000   1.000 
 130: -31464.064 -2640.190 -1510.460 -8117.173 -2170.026 -80.669  -4.178  -2.792  -2.792   39    4    3    3 -45992.343   1.000   0.200   1.000   0.200   1.000   0.200   1.000   0.200   1.000   0.200  22.487   1.000   1.000   1.000 
 131: -31468.033 -2640.190 -1510.460 -8111.884 -2170.026 -81.013  -4.178  -2.792  -2.792   39    4    3    3 -45991.367   1.000   0.200   1.000   0.200   1.000   0.200   1.000   0.200   1.000   0.200  23.267   1.000   1.000   1.000 
 132: -31459.854 -2640.190 -1510.460 -8118.756 -2170.026 -85.552  -4.178  -2.792  -2.792   37    4    3    3 -45994.599   1.000   0.200   1.000   0.200   1.000   0.200   1.000   0.200   1.000   0.200  19.437   1.000   1.000   1.000 
 133: -31459.358 -2640.190 -1510.460 -8119.643 -2170.026 -78.624  -4.178  -2.792  -2.792   39    4    3    3 -45988.062   1.000   0.200   1.000   0.200   1.000   0.200   1.000   0.200   1.000   0.200  14.698   1.000   1.000   1.000 
 134: -31462.941 -2640.190 -1510.460 -8118.430 -2170.026 -81.009  -4.178  -2.792  -2.792   38    4    3    3 -45992.818   1.000   0.200   1.000   0.200   1.000   0.200   1.000   0.200   1.000   0.200  18.777   1.000   1.000   1.000 
 135: -31459.854 -2640.190 -1510.460 -8118.756 -2170.026 -79.204  -4.178  -2.792  -2.792   39    4    3    3 -45988.251   1.000   0.200   1.000   0.200   1.000   0.200   1.000   0.200   1.000   0.200  16.925   1.000   1.000   1.000 
 136: -31459.854 -2640.190 -1510.460 -8118.756 -2170.026 -82.126  -4.178  -2.792  -2.792   38    4    3    3 -45991.173   1.000   0.200   1.000   0.200   1.000   0.200   1.000   0.200   1.000   0.200  13.925   1.000   1.000   1.000 
 137: -31467.648 -2640.190 -1510.460 -8115.961 -2170.026 -73.538  -4.178  -2.792  -2.792   41    4    3    3 -45987.583   1.000   0.200   1.000   0.200   1.000   0.200   1.000   0.200   1.000   0.200  17.924   1.000   1.000   1.000 
 138: -31464.515 -2640.190 -1510.460 -8112.259 -2170.026 -87.429  -4.178  -2.792  -2.792   36    4    3    3 -45994.641   1.000   0.200   1.000   0.200   1.000   0.200   1.000   0.200   1.000   0.200  18.391   1.000   1.000   1.000 
 139: -31464.987 -2657.628 -1503.974 -8114.631 -2163.539 -86.423  -4.178  -2.792  -2.792   37    4    3    3 -46000.943   1.000   0.200   1.000   0.200   1.000   0.200   1.000   0.200   1.000   0.200   9.478   1.000   1.000   1.000 
 140: -31471.617 -2640.190 -1510.460 -8110.671 -2170.026 -89.157  -4.178  -2.792  -2.792   35    4    3    3 -46001.882   1.000   0.200   1.000   0.200   1.000   0.200   1.000   0.200   1.000   0.200   9.446   1.000   1.000   1.000 
 141: -31466.226 -2640.190 -1510.460 -8115.961 -2170.026 -82.894  -4.178  -2.792  -2.792   38    4    3    3 -45995.518   1.000   0.200   1.000   0.200   1.000   0.200   1.000   0.200   1.000   0.200  11.851   1.000   1.000   1.000 
 142: -31467.985 -2640.190 -1510.460 -8112.534 -2170.026 -86.703  -4.178  -2.792  -2.792   36    4    3    3 -45997.659   1.000   0.200   1.000   0.200   1.000   0.200   1.000   0.200   1.000   0.200  13.893   1.000   1.000   1.000 
 143: -31466.354 -2640.190 -1510.460 -8117.173 -2170.026 -79.514  -4.178  -2.792  -2.792   39    4    3    3 -45993.478   1.000   0.200   1.000   0.200   1.000   0.200   1.000   0.200   1.000   0.200  19.007   1.000   1.000   1.000 
 144: -31467.648 -2640.190 -1510.460 -8115.961 -2170.026 -76.500  -4.178  -2.792  -2.792   40    4    3    3 -45990.545   1.000   0.200   1.000   0.200   1.000   0.200   1.000   0.200   1.000   0.200  15.331   1.000   1.000   1.000 
 145: -31466.226 -2640.190 -1510.460 -8115.961 -2170.026 -81.959  -4.178  -2.792  -2.792   38    4    3    3 -45994.583   1.000   0.200   1.000   0.200   1.000   0.200   1.000   0.200   1.000   0.200  15.974   1.000   1.000   1.000 
 146: -31468.033 -2640.190 -1510.460 -8111.884 -2170.026 -82.042  -4.178  -2.792  -2.792   38    4    3    3 -45992.396   1.000   0.200   1.000   0.200   1.000   0.200   1.000   0.200   1.000   0.200  16.998   1.000   1.000   1.000 
 147: -31459.358 -2640.190 -1510.460 -8119.643 -2170.026 -78.632  -4.178  -2.792  -2.792   39    4    3    3 -45988.070   1.000   0.200   1.000   0.200   1.000   0.200   1.000   0.200   1.000   0.200  18.025   1.000   1.000   1.000 
 148: -31462.941 -2640.190 -1510.460 -8118.430 -2170.026 -79.251  -4.178  -2.792  -2.792   39    4    3    3 -45991.060   1.000   0.200   1.000   0.200   1.000   0.200   1.000   0.200   1.000   0.200  12.715   1.000   1.000   1.000 
 149: -31458.600 -2640.190 -1510.460 -8118.293 -2170.026 -85.332  -4.178  -2.792  -2.792   37    4    3    3 -45992.662   1.000   0.200   1.000   0.200   1.000   0.200   1.000   0.200   1.000   0.200  10.724   1.000   1.000   1.000 
 150: -31468.099 -2640.190 -1510.460 -8111.047 -2170.026 -81.784  -4.178  -2.792  -2.792   38    4    3    3 -45991.368   1.000   0.200   1.000   0.200   1.000   0.200   1.000   0.200   1.000   0.200  12.738   1.000   1.000   1.000 
 151: -31461.747 -2657.628 -1503.974 -8112.259 -2163.539 -87.459  -4.178  -2.792  -2.792   36    4    3    3 -45996.368   1.000   0.200   1.000   0.200   1.000   0.200   1.000   0.200   1.000   0.200  11.155   1.000   1.000   1.000 
 152: -31462.155 -2640.190 -1510.460 -8124.710 -2170.026 -81.264  -4.178  -2.792  -2.792   38    4    3    3 -45998.567   1.000   0.200   1.000   0.200   1.000   0.200   1.000   0.200   1.000   0.200  15.404   1.000   1.000   1.000 
 153: -31461.704 -2640.190 -1510.460 -8120.756 -2170.026 -79.543  -4.178  -2.792  -2.792   39    4    3    3 -45992.440   1.000   0.200   1.000   0.200   1.000   0.200   1.000   0.200   1.000   0.200  19.132   1.000   1.000   1.000 
 154: -31458.432 -2640.190 -1510.460 -8118.756 -2170.026 -81.991  -4.178  -2.792  -2.792   38    4    3    3 -45989.616   1.000   0.200   1.000   0.200   1.000   0.200   1.000   0.200   1.000   0.200  16.513   1.000   1.000   1.000 
 155: -31467.648 -2640.190 -1510.460 -8115.961 -2170.026 -81.047  -4.178  -2.792  -2.792   39    4    3    3 -45995.093   1.000   0.200   1.000   0.200   1.000   0.200   1.000   0.200   1.000   0.200  10.994   1.000   1.000   1.000 
 156: -31461.520 -2640.190 -1510.460 -8118.430 -2170.026 -81.326  -4.178  -2.792  -2.792   38    4    3    3 -45991.713   1.000   0.200   1.000   0.200   1.000   0.200   1.000   0.200   1.000   0.200  14.575   1.000   1.000   1.000 
 157: -31466.709 -2640.190 -1510.460 -8116.844 -2170.026 -79.871  -4.178  -2.792  -2.792   39    4    3    3 -45993.861   1.000   0.200   1.000   0.200   1.000   0.200   1.000   0.200   1.000   0.200  12.875   1.000   1.000   1.000 
 158: -31464.515 -2640.190 -1510.460 -8112.259 -2170.026 -84.047  -4.178  -2.792  -2.792   37    4    3    3 -45991.259   1.000   0.200   1.000   0.200   1.000   0.200   1.000   0.200   1.000   0.200  16.071   1.000   1.000   1.000 
 159: -31469.177 -2640.190 -1510.460 -8114.631 -2170.026 -82.707  -4.178  -2.792  -2.792   38    4    3    3 -45996.952   1.000   0.200   1.000   0.200   1.000   0.200   1.000   0.200   1.000   0.200  21.636   1.000   1.000   1.000 
 160: -31468.099 -2640.190 -1510.460 -8111.047 -2170.026 -81.269  -4.178  -2.792  -2.792   38    4    3    3 -45990.852   1.000   0.200   1.000   0.200   1.000   0.200   1.000   0.200   1.000   0.200  16.053   1.000   1.000   1.000 
 161: -31463.437 -2640.190 -1510.460 -8117.543 -2170.026 -79.798  -4.178  -2.792  -2.792   39    4    3    3 -45991.216   1.000   0.200   1.000   0.200   1.000   0.200   1.000   0.200   1.000   0.200  20.090   1.000   1.000   1.000 
 162: -31467.648 -2640.190 -1510.460 -8115.961 -2170.026 -76.593  -4.178  -2.792  -2.792   40    4    3    3 -45990.639   1.000   0.200   1.000   0.200   1.000   0.200   1.000   0.200   1.000   0.200  14.852   1.000   1.000   1.000 
 163: -31462.183 -2640.190 -1510.460 -8117.081 -2170.026 -83.632  -4.178  -2.792  -2.792   37    4    3    3 -45993.333   1.000   0.200   1.000   0.200   1.000   0.200   1.000   0.200   1.000   0.200  12.750   1.000   1.000   1.000 
 164: -31467.963 -2640.190 -1510.460 -8115.467 -2170.026 -84.700  -4.178  -2.792  -2.792   37    4    3    3 -45998.568   1.000   0.200   1.000   0.200   1.000   0.200   1.000   0.200   1.000   0.200  14.537   1.000   1.000   1.000 
 165: -31459.854 -2640.190 -1510.460 -8118.756 -2170.026 -79.289  -4.178  -2.792  -2.792   39    4    3    3 -45988.336   1.000   0.200   1.000   0.200   1.000   0.200   1.000   0.200   1.000   0.200  14.867   1.000   1.000   1.000 
 166: -31458.600 -2640.190 -1510.460 -8118.293 -2170.026 -82.929  -4.178  -2.792  -2.792   38    4    3    3 -45990.259   1.000   0.200   1.000   0.200   1.000   0.200   1.000   0.200   1.000   0.200  10.763   1.000   1.000   1.000 
 167: -31459.805 -2640.190 -1510.460 -8119.407 -2170.026 -84.002  -4.178  -2.792  -2.792   37    4    3    3 -45993.651   1.000   0.200   1.000   0.200   1.000   0.200   1.000   0.200   1.000   0.200  15.479   1.000   1.000   1.000 
 168: -31467.835 -2640.190 -1510.460 -8114.255 -2170.026 -82.014  -4.178  -2.792  -2.792   38    4    3    3 -45994.541   1.000   0.200   1.000   0.200   1.000   0.200   1.000   0.200   1.000   0.200  14.612   1.000   1.000   1.000 
 169: -31462.941 -2640.190 -1510.460 -8118.430 -2170.026 -78.821  -4.178  -2.792  -2.792   39    4    3    3 -45990.630   1.000   0.200   1.000   0.200   1.000   0.200   1.000   0.200   1.000   0.200  13.849   1.000   1.000   1.000 
 170: -31460.731 -2640.190 -1510.460 -8120.293 -2170.026 -83.301  -4.178  -2.792  -2.792   37    4    3    3 -45994.763   1.000   0.200   1.000   0.200   1.000   0.200   1.000   0.200   1.000   0.200  15.267   1.000   1.000   1.000 
 171: -31457.936 -2640.190 -1510.460 -8119.643 -2170.026 -81.550  -4.178  -2.792  -2.792   38    4    3    3 -45989.567   1.000   0.200   1.000   0.200   1.000   0.200   1.000   0.200   1.000   0.200  18.148   1.000   1.000   1.000 
 172: -31468.099 -2640.190 -1510.460 -8111.047 -2170.026 -79.117  -4.178  -2.792  -2.792   39    4    3    3 -45988.701   1.000   0.200   1.000   0.200   1.000   0.200   1.000   0.200   1.000   0.200  20.131   1.000   1.000   1.000 
 173: -31461.520 -2640.190 -1510.460 -8118.430 -2170.026 -82.541  -4.178  -2.792  -2.792   38    4    3    3 -45992.928   1.000   0.200   1.000   0.200   1.000   0.200   1.000   0.200   1.000   0.200  21.240   1.000   1.000   1.000 
 174: -31462.941 -2640.190 -1510.460 -8118.430 -2170.026 -78.491  -4.178  -2.792  -2.792   39    4    3    3 -45990.300   1.000   0.200   1.000   0.200   1.000   0.200   1.000   0.200   1.000   0.200  16.230   1.000   1.000   1.000 
 175: -31464.306 -2640.190 -1510.460 -8117.543 -2170.026 -87.604  -4.178  -2.792  -2.792   36    4    3    3 -45999.891   1.000   0.200   1.000   0.200   1.000   0.200   1.000   0.200   1.000   0.200  12.584   1.000   1.000   1.000 
 176: -31462.183 -2640.190 -1510.460 -8117.081 -2170.026 -81.940  -4.178  -2.792  -2.792   38    4    3    3 -45991.641   1.000   0.200   1.000   0.200   1.000   0.200   1.000   0.200   1.000   0.200  19.593   1.000   1.000   1.000 
 177: -31462.941 -2640.190 -1510.460 -8118.430 -2170.026 -84.835  -4.178  -2.792  -2.792   38    4    3    3 -45996.644   1.000   0.200   1.000   0.200   1.000   0.200   1.000   0.200   1.000   0.200   8.950   1.000   1.000   1.000 
 178: -31461.704 -2640.190 -1510.460 -8120.756 -2170.026 -80.243  -4.178  -2.792  -2.792   39    4    3    3 -45993.140   1.000   0.200   1.000   0.200   1.000   0.200   1.000   0.200   1.000   0.200  21.417   1.000   1.000   1.000 
 179: -31461.704 -2640.190 -1510.460 -8120.756 -2170.026 -79.474  -4.178  -2.792  -2.792   39    4    3    3 -45992.371   1.000   0.200   1.000   0.200   1.000   0.200   1.000   0.200   1.000   0.200  13.991   1.000   1.000   1.000 
 180: -31462.941 -2640.190 -1510.460 -8118.430 -2170.026 -78.959  -4.178  -2.792  -2.792   39    4    3    3 -45990.768   1.000   0.200   1.000   0.200   1.000   0.200   1.000   0.200   1.000   0.200  19.572   1.000   1.000   1.000 
 181: -31466.226 -2640.190 -1510.460 -8115.961 -2170.026 -77.103  -4.178  -2.792  -2.792   40    4    3    3 -45989.727   1.000   0.200   1.000   0.200   1.000   0.200   1.000   0.200   1.000   0.200  13.313   1.000   1.000   1.000 
 182: -31471.617 -2640.190 -1510.460 -8110.671 -2170.026 -81.267  -4.178  -2.792  -2.792   38    4    3    3 -45993.992   1.000   0.200   1.000   0.200   1.000   0.200   1.000   0.200   1.000   0.200  16.005   1.000   1.000   1.000 
 183: -31459.854 -2640.190 -1510.460 -8118.756 -2170.026 -82.051  -4.178  -2.792  -2.792   38    4    3    3 -45991.098   1.000   0.200   1.000   0.200   1.000   0.200   1.000   0.200   1.000   0.200  17.063   1.000   1.000   1.000 
 184: -31467.648 -2640.190 -1510.460 -8115.961 -2170.026 -77.773  -4.178  -2.792  -2.792   40    4    3    3 -45991.819   1.000   0.200   1.000   0.200   1.000   0.200   1.000   0.200   1.000   0.200  12.104   1.000   1.000   1.000 
 185: -31462.643 -2640.190 -1510.460 -8117.173 -2170.026 -82.115  -4.178  -2.792  -2.792   38    4    3    3 -45992.368   1.000   0.200   1.000   0.200   1.000   0.200   1.000   0.200   1.000   0.200  17.489   1.000   1.000   1.000 
 186: -31463.437 -2640.190 -1510.460 -8117.543 -2170.026 -80.921  -4.178  -2.792  -2.792   39    4    3    3 -45992.340   1.000   0.200   1.000   0.200   1.000   0.200   1.000   0.200   1.000   0.200  11.149   1.000   1.000   1.000 
 187: -31467.648 -2640.190 -1510.460 -8115.961 -2170.026 -82.170  -4.178  -2.792  -2.792   38    4    3    3 -45996.215   1.000   0.200   1.000   0.200   1.000   0.200   1.000   0.200   1.000   0.200  11.907   1.000   1.000   1.000 
 188: -31464.064 -2640.190 -1510.460 -8117.173 -2170.026 -79.435  -4.178  -2.792  -2.792   39    4    3    3 -45991.109   1.000   0.200   1.000   0.200   1.000   0.200   1.000   0.200   1.000   0.200  14.142   1.000   1.000   1.000 
 189: -31464.515 -2640.190 -1510.460 -8112.259 -2170.026 -81.308  -4.178  -2.792  -2.792   38    4    3    3 -45988.520   1.000   0.200   1.000   0.200   1.000   0.200   1.000   0.200   1.000   0.200  16.629   1.000   1.000   1.000 
 190: -31468.099 -2640.190 -1510.460 -8111.047 -2170.026 -83.315  -4.178  -2.792  -2.792   37    4    3    3 -45992.898   1.000   0.200   1.000   0.200   1.000   0.200   1.000   0.200   1.000   0.200  14.517   1.000   1.000   1.000 
 191: -31463.437 -2640.190 -1510.460 -8117.543 -2170.026 -79.977  -4.178  -2.792  -2.792   39    4    3    3 -45991.395   1.000   0.200   1.000   0.200   1.000   0.200   1.000   0.200   1.000   0.200  20.658   1.000   1.000   1.000 
 192: -31462.941 -2640.190 -1510.460 -8118.430 -2170.026 -78.514  -4.178  -2.792  -2.792   39    4    3    3 -45990.323   1.000   0.200   1.000   0.200   1.000   0.200   1.000   0.200   1.000   0.200  16.967   1.000   1.000   1.000 
 193: -31464.529 -2640.190 -1510.460 -8118.194 -2170.026 -79.799  -4.178  -2.792  -2.792   39    4    3    3 -45992.959   1.000   0.200   1.000   0.200   1.000   0.200   1.000   0.200   1.000   0.200  20.092   1.000   1.000   1.000 
 194: -31466.677 -2640.190 -1510.460 -8111.047 -2170.026 -81.335  -4.178  -2.792  -2.792   38    4    3    3 -45989.497   1.000   0.200   1.000   0.200   1.000   0.200   1.000   0.200   1.000   0.200  14.503   1.000   1.000   1.000 
 195: -31463.094 -2640.190 -1510.460 -8112.259 -2170.026 -89.775  -4.178  -2.792  -2.792   35    4    3    3 -45995.565   1.000   0.200   1.000   0.200   1.000   0.200   1.000   0.200   1.000   0.200  11.391   1.000   1.000   1.000 
