   0: -73487.751 -4224.694 -2189.556 -17154.757 -52.121  -4.850  -4.178  -2.792  -2.792    1    4    3    3 -97123.491   1.000   0.200   1.000   0.200   1.000   0.200   1.000   0.200   1.000   0.200   1.000   1.000   1.000   1.000 
  11: -63361.172 -2402.108 -1886.160 -14227.836 -52.121 -96.724  -4.178  -2.792  -2.792   14    4    3    3 -82035.884   1.000   0.200   1.000   0.200   1.000   0.200   1.000   0.200   1.000   0.200   3.749   1.000   1.000   1.000 
  23: -63363.193 -2402.108 -1890.493 -14227.451 -52.121 -96.271  -4.178  -2.792  -2.792   15    4    3    3 -82041.398   1.000   0.200   1.000   0.200   1.000   0.200   1.000   0.200   1.000   0.200   4.136   1.000   1.000   1.000 
   0: -73487.751 -4224.694 -2189.556 -17154.757 -52.121  -4.850  -4.178  -2.792  -2.792    1    4    3    3 -97123.491   1.000   0.200   1.000   0.200   1.000   0.200   1.000   0.200   1.000   0.200   1.000   1.000   1.000   1.000 
  11: -63361.172 -2402.108 -1886.160 -14227.836 -52.121 -96.724  -4.178  -2.792  -2.792   14    4    3    3 -82035.884   1.000   0.200   1.000   0.200   1.000   0.200   1.000   0.200   1.000   0.200   3.749   1.000   1.000   1.000 
  23: -63363.193 -2402.108 -1890.493 -14227.451 -52.121 -96.271  -4.178  -2.792  -2.792   15    4    3    3 -82041.398   1.000   0.200   1.000   0.200   1.000   0.200   1.000   0.200   1.000   0.200   4.136   1.000   1.000   1.000 
  36: -63362.338 -2402.108 -1886.160 -14225.486 -52.121 -96.203  -4.178  -2.792  -2.792   13    4    3    3 -82034.179   1.000   0.200   1.000   0.200   1.000   0.200   1.000   0.200   1.000   0.200   3.377   1.000   1.000   1.000 
  50: -63358.320 -2402.108 -1886.160 -14225.486 -52.121 -98.334  -4.178  -2.792  -2.792   14    4    3    3 -82032.292   1.000   0.200   1.000   0.200   1.000   0.200   1.000   0.200   1.000   0.200   3.747   1.000   1.000   1.000 
  64: -63358.320 -2402.108 -1886.160 -14225.486 -52.121 -98.334  -4.178  -2.792  -2.792   14    4    3    3 -82032.292   1.000   0.200   1.000   0.200   1.000   0.200   1.000   0.200   1.000   0.200   3.749   1.000   1.000   1.000 
  79: -63361.498 -2402.108 -1886.160 -14226.549 -52.121 -96.031  -4.178  -2.792  -2.792   14    4    3    3 -82034.229   1.000   0.200   1.000   0.200   1.000   0.200   1.000   0.200   1.000   0.200   3.748   1.000   1.000   1.000 
  90: -63363.193 -2402.108 -1890.493 -14227.451 -52.121 -96.271  -4.178  -2.792  -2.792   15    4    3    3 -82041.399   1.000   0.200   1.000   0.200   1.000   0.200   1.000   0.200   1.000   0.200   4.148   1.000   1.000   1.000 
