0 0 0 0 0 0 0 0 0 0 0 0 0 0 0 0 0 0 0 0 0 0 0 0 0 0 0 0 0 0 0 0 0 0 0 0 0 0 0 0 0 0 0 0 0 0 0 0 
1 2 3 4 4 5 6 7 8 3 9 1 10 5 11 12 3 13 14 15 16 17 18 12 19 20 21 3 5 22 22 23 24 22 22 9 25 20 26 27 28 29 19 30 19 22 0 4 
1 30 3 31 32 6 7 8 8 3 10 1 11 25 13 12 6 14 15 16 17 18 21 12 5 20 33 3 34 23 22 24 9 22 22 0 26 20 27 28 29 2 26 19 26 22 4 35 
30 31 6 11 7 6 10 8 8 3 1 30 25 13 14 12 6 15 16 17 18 21 5 12 13 20 32 33 23 24 22 9 0 22 22 34 27 20 28 29 2 19 7 26 4 22 35 11 
31 36 6 37 10 6 3 8 8 1 30 25 35 14 15 12 1 16 17 18 21 5 13 12 32 20 33 23 24 9 22 0 34 22 22 27 28 20 29 2 19 7 26 4 32 22 11 24 
15 6 31 10 24 3 30 8 8 1 25 35 14 32 16 12 1 17 18 21 5 13 36 12 33 20 23 4 9 0 22 34 27 22 22 28 29 20 2 19 7 26 29 11 33 22 37 10 
6 31 3 24 29 30 25 8 8 1 35 6 32 16 17 12 1 18 21 5 13 14 0 12 23 20 4 9 29 34 22 27 28 22 22 2 33 20 19 7 26 36 11 37 15 22 10 24 
31 3 29 15 30 25 35 8 8 1 6 32 16 17 18 12 1 21 5 13 14 0 23 12 4 20 9 29 34 27 22 28 2 22 22 33 19 20 7 26 36 11 37 38 10 22 24 34 
3 38 15 30 25 35 6 8 8 1 32 16 17 18 21 12 1 5 13 14 0 23 4 12 9 20 29 39 27 28 22 2 33 22 22 19 7 20 26 36 11 37 31 10 24 22 34 40 
16 15 30 25 31 6 32 8 8 1 29 17 18 21 5 12 1 13 14 0 23 4 9 12 27 20 35 26 28 2 22 33 19 22 22 7 28 20 36 11 37 38 10 24 34 22 3 28 
15 30 26 31 10 1 29 8 8 26 17 18 21 5 35 12 13 14 0 23 4 9 27 12 32 20 2 26 10 33 22 19 7 22 22 6 32 20 11 25 16 36 24 34 3 22 28 31 
18 35 26 29 1 13 17 8 8 26 34 21 5 30 14 12 13 0 23 4 9 27 33 12 2 20 10 26 2 19 22 7 6 22 22 32 11 20 25 16 15 24 2 3 28 22 31 29 
21 1 13 29 17 13 18 8 8 26 34 5 30 14 0 12 13 23 4 9 27 33 10 12 17 20 31 3 19 7 22 6 32 22 22 11 25 20 16 15 24 2 17 28 17 22 35 36 
1 29 13 21 18 13 26 8 8 34 5 30 14 0 23 12 34 4 9 27 33 10 16 12 31 20 3 19 7 6 22 32 11 22 22 25 7 20 15 24 2 28 21 17 35 22 36 7 
30 35 13 18 36 26 3 8 8 5 4 14 0 23 34 12 26 9 27 33 10 16 31 12 7 20 19 37 6 32 22 11 25 22 22 38 15 20 24 2 28 21 17 29 1 22 39 18 
35 13 26 18 15 26 5 8 8 3 14 0 23 34 9 12 26 27 33 10 16 31 7 12 19 20 6 3 32 11 22 25 4 22 22 36 24 20 2 28 21 17 29 1 30 22 37 18 
13 5 3 15 32 26 14 8 8 26 0 23 34 9 27 12 26 33 10 16 31 7 19 12 6 20 35 1 11 25 22 4 36 22 22 24 2 20 28 21 17 29 32 30 32 22 18 37 
5 3 1 13 32 14 0 8 8 1 23 34 9 27 26 12 33 10 16 31 7 19 6 12 13 20 11 1 25 4 22 15 24 22 22 2 28 20 21 17 29 30 25 18 25 22 35 13 
3 14 1 32 13 9 23 8 8 1 0 3 27 26 10 12 9 16 31 7 19 6 33 12 11 20 34 1 4 15 22 24 2 22 22 28 21 20 17 29 30 35 18 25 5 22 36 11 
14 32 1 13 23 9 0 8 8 1 3 27 26 10 16 12 9 31 7 19 6 33 15 12 34 20 4 1 5 24 22 2 28 22 22 21 11 20 29 30 35 18 25 36 17 22 37 38 
27 13 9 23 0 9 37 8 8 3 5 26 10 16 31 12 9 7 19 6 33 15 34 12 4 20 1 3 24 2 22 28 21 22 22 11 29 20 30 35 18 25 36 17 32 22 14 23 
26 17 9 0 27 9 5 8 8 3 10 26 16 31 7 12 9 19 6 33 15 34 4 12 1 20 2 24 23 28 22 21 11 22 22 29 30 20 14 18 25 13 1 32 23 22 35 36 
17 0 9 27 30 9 3 8 8 24 26 17 31 7 19 12 9 6 33 15 16 4 2 12 5 20 34 35 28 21 22 11 29 22 22 10 14 20 18 25 13 1 32 23 27 22 36 27 
17 36 9 30 3 9 24 8 8 26 21 31 7 19 6 12 26 33 15 16 4 2 5 12 34 20 35 28 27 11 22 29 10 22 22 14 18 20 25 13 1 32 23 37 0 22 38 39 
36 30 28 3 9 24 21 8 8 26 31 7 19 6 33 12 26 15 16 4 2 5 34 12 35 20 25 27 11 29 22 10 14 22 22 18 9 20 13 1 32 23 37 0 11 22 17 3 
30 28 24 33 19 21 31 8 8 26 7 30 6 36 15 12 21 16 4 2 5 34 35 12 25 20 27 26 29 10 22 14 18 22 22 9 13 20 1 32 23 0 19 11 17 22 3 33 
28 24 26 33 31 21 7 8 8 26 30 6 15 13 16 12 21 4 2 5 34 3 25 12 27 20 29 26 10 14 22 18 9 22 22 1 33 20 32 23 0 19 11 17 31 22 35 33 
6 34 26 35 7 21 36 8 8 30 37 15 13 16 4 12 21 2 5 24 3 25 27 12 29 20 38 10 14 18 22 9 1 22 22 32 14 20 23 0 19 11 17 31 28 22 33 35 
34 26 21 35 31 21 30 8 8 7 15 13 16 4 2 12 21 5 24 3 25 27 29 12 6 20 10 18 28 9 22 1 32 22 22 14 23 20 0 19 11 17 31 36 33 22 37 6 
13 35 21 30 23 21 7 8 8 15 36 16 4 2 5 12 15 24 3 25 27 29 37 12 10 20 18 28 9 1 22 32 14 22 22 38 0 20 19 11 17 31 26 33 34 22 6 2 
16 7 30 23 21 30 6 8 8 15 33 4 18 5 24 12 30 3 25 27 29 35 10 12 9 20 28 15 1 32 22 14 13 22 22 0 19 20 11 17 31 26 1 34 9 22 2 23 
7 35 6 21 19 30 36 8 8 33 4 18 5 24 3 12 33 25 27 29 16 10 28 12 19 20 15 37 32 14 22 13 0 22 22 2 11 20 17 31 26 1 34 9 19 22 23 38 
35 6 21 30 34 5 4 8 8 33 18 35 24 3 25 12 5 27 29 16 10 28 36 12 15 20 17 32 14 13 22 0 2 22 22 11 7 20 31 26 1 37 9 19 23 22 38 30 
6 21 5 30 7 5 33 8 8 18 35 24 3 25 27 12 5 29 16 10 28 36 15 12 17 20 32 14 13 0 22 2 11 22 22 37 31 20 26 1 4 9 19 23 34 22 38 39 
21 30 5 7 34 5 18 8 8 35 24 3 25 27 29 12 5 16 10 28 13 15 17 12 34 20 14 35 0 2 22 11 32 22 22 31 26 20 1 4 9 19 23 33 0 22 6 7 
30 35 5 7 18 5 36 8 8 24 3 25 27 29 16 12 24 10 28 13 15 17 34 12 14 20 21 33 2 11 22 32 31 22 22 26 1 20 4 9 19 23 2 0 6 22 37 7 
21 18 5 7 2 5 3 8 8 24 25 27 29 16 10 12 5 28 13 15 17 34 14 12 1 20 33 35 11 32 22 31 26 22 22 36 4 20 9 19 23 37 0 6 30 22 38 39 
27 25 7 2 3 5 24 8 8 35 29 27 16 10 28 12 5 13 15 17 34 14 1 12 3 20 18 11 32 31 22 26 36 22 22 4 9 20 19 23 33 0 6 30 6 22 21 37 
27 7 5 25 24 5 18 8 8 29 16 27 10 28 13 12 5 15 17 34 14 1 3 12 9 20 11 32 31 26 22 2 4 22 22 35 19 20 23 33 0 30 6 36 21 22 37 25 
7 24 5 25 18 5 29 8 8 16 27 10 28 13 15 12 16 17 34 14 1 3 9 12 21 20 32 31 26 2 22 4 35 22 22 19 23 20 33 0 30 6 26 36 11 22 37 11 
24 25 5 18 23 5 27 8 8 16 10 28 13 15 17 12 5 34 14 1 3 9 21 12 32 20 31 36 2 4 22 35 19 22 22 33 32 20 0 30 6 26 29 37 7 22 11 38 
0 0 0 0 0 0 0 0 0 0 0 0 0 0 0 0 0 0 0 0 0 0 0 0 0 0 0 0 0 0 0 0 0 0 0 0 0 0 0 0 0 0 0 0 0 0 0 0 
1 2 3 4 4 5 6 7 8 3 9 1 10 5 11 12 3 13 14 15 16 17 18 12 19 20 21 3 5 22 22 23 24 22 22 9 25 20 26 27 28 29 19 30 19 22 0 4 
1 30 3 31 32 6 7 8 8 3 10 1 11 25 13 12 6 14 15 16 17 18 21 12 5 20 33 3 34 23 22 24 9 22 22 0 26 20 27 28 29 2 26 19 26 22 4 35 
30 31 6 11 7 6 10 8 8 3 1 30 25 13 14 12 6 15 16 17 18 21 5 12 13 20 32 33 23 24 22 9 0 22 22 34 27 20 28 29 2 19 7 26 4 22 35 11 
31 36 6 37 10 6 3 8 8 1 30 25 35 14 15 12 1 16 17 18 21 5 13 12 32 20 33 23 24 9 22 0 34 22 22 27 28 20 29 2 19 7 26 4 32 22 11 24 
15 6 31 10 24 3 30 8 8 1 25 35 14 32 16 12 1 17 18 21 5 13 36 12 33 20 23 4 9 0 22 34 27 22 22 28 29 20 2 19 7 26 29 11 33 22 37 10 
6 31 3 24 29 30 25 8 8 1 35 6 32 16 17 12 1 18 21 5 13 14 0 12 23 20 4 9 29 34 22 27 28 22 22 2 33 20 19 7 26 36 11 37 15 22 10 24 
31 3 29 15 30 25 35 8 8 1 6 32 16 17 18 12 1 21 5 13 14 0 23 12 4 20 9 29 34 27 22 28 2 22 22 33 19 20 7 26 36 11 37 38 10 22 24 34 
3 38 15 30 25 35 6 8 8 1 32 16 17 18 21 12 1 5 13 14 0 23 4 12 9 20 29 39 27 28 22 2 33 22 22 19 7 20 26 36 11 37 31 10 24 22 34 40 
16 15 30 25 31 6 32 8 8 1 29 17 18 21 5 12 1 13 14 0 23 4 9 12 27 20 35 26 28 2 22 33 19 22 22 7 28 20 36 11 37 38 10 24 34 22 3 28 
15 30 26 31 10 1 29 8 8 26 17 18 21 5 35 12 13 14 0 23 4 9 27 12 32 20 2 26 10 33 22 19 7 22 22 6 32 20 11 25 16 36 24 34 3 22 28 31 
18 35 26 29 1 13 17 8 8 26 34 21 5 30 14 12 13 0 23 4 9 27 33 12 2 20 10 26 2 19 22 7 6 22 22 32 11 20 25 16 15 24 2 3 28 22 31 29 
21 1 13 29 17 13 18 8 8 26 34 5 30 14 0 12 13 23 4 9 27 33 10 12 17 20 31 3 19 7 22 6 32 22 22 11 25 20 16 15 24 2 17 28 17 22 35 36 
1 29 13 21 18 13 26 8 8 34 5 30 14 0 23 12 34 4 9 27 33 10 16 12 31 20 3 19 7 6 22 32 11 22 22 25 7 20 15 24 2 28 21 17 35 22 36 7 
30 35 13 18 36 26 3 8 8 5 4 14 0 23 34 12 26 9 27 33 10 16 31 12 7 20 19 37 6 32 22 11 25 22 22 38 15 20 24 2 28 21 17 29 1 22 39 18 
35 13 26 18 15 26 5 8 8 3 14 0 23 34 9 12 26 27 33 10 16 31 7 12 19 20 6 3 32 11 22 25 4 22 22 36 24 20 2 28 21 17 29 1 30 22 37 18 
13 5 3 15 32 26 14 8 8 26 0 23 34 9 27 12 26 33 10 16 31 7 19 12 6 20 35 1 11 25 22 4 36 22 22 24 2 20 28 21 17 29 32 30 32 22 18 37 
5 3 1 13 32 14 0 8 8 1 23 34 9 27 26 12 33 10 16 31 7 19 6 12 13 20 11 1 25 4 22 15 24 22 22 2 28 20 21 17 29 30 25 18 25 22 35 13 
3 14 1 32 13 9 23 8 8 1 0 3 27 26 10 12 9 16 31 7 19 6 33 12 11 20 34 1 4 15 22 24 2 22 22 28 21 20 17 29 30 35 18 25 5 22 36 11 
14 32 1 13 23 9 0 8 8 1 3 27 26 10 16 12 9 31 7 19 6 33 15 12 34 20 4 1 5 24 22 2 28 22 22 21 11 20 29 30 35 18 25 36 17 22 37 38 
27 13 9 23 0 9 37 8 8 3 5 26 10 16 31 12 9 7 19 6 33 15 34 12 4 20 1 3 24 2 22 28 21 22 22 11 29 20 30 35 18 25 36 17 32 22 14 23 
26 17 9 0 27 9 5 8 8 3 10 26 16 31 7 12 9 19 6 33 15 34 4 12 1 20 2 24 23 28 22 21 11 22 22 29 30 20 14 18 25 13 1 32 23 22 35 36 
17 0 9 27 30 9 3 8 8 24 26 17 31 7 19 12 9 6 33 15 16 4 2 12 5 20 34 35 28 21 22 11 29 22 22 10 14 20 18 25 13 1 32 23 27 22 36 27 
17 36 9 30 3 9 24 8 8 26 21 31 7 19 6 12 26 33 15 16 4 2 5 12 34 20 35 28 27 11 22 29 10 22 22 14 18 20 25 13 1 32 23 37 0 22 38 39 
36 30 28 3 9 24 21 8 8 26 31 7 19 6 33 12 26 15 16 4 2 5 34 12 35 20 25 27 11 29 22 10 14 22 22 18 9 20 13 1 32 23 37 0 11 22 17 3 
30 28 24 33 19 21 31 8 8 26 7 30 6 36 15 12 21 16 4 2 5 34 35 12 25 20 27 26 29 10 22 14 18 22 22 9 13 20 1 32 23 0 19 11 17 22 3 33 
28 24 26 33 31 21 7 8 8 26 30 6 15 13 16 12 21 4 2 5 34 3 25 12 27 20 29 26 10 14 22 18 9 22 22 1 33 20 32 23 0 19 11 17 31 22 35 33 
6 34 26 35 7 21 36 8 8 30 37 15 13 16 4 12 21 2 5 24 3 25 27 12 29 20 38 10 14 18 22 9 1 22 22 32 14 20 23 0 19 11 17 31 28 22 33 35 
34 26 21 35 31 21 30 8 8 7 15 13 16 4 2 12 21 5 24 3 25 27 29 12 6 20 10 18 28 9 22 1 32 22 22 14 23 20 0 19 11 17 31 36 33 22 37 6 
13 35 21 30 23 21 7 8 8 15 36 16 4 2 5 12 15 24 3 25 27 29 37 12 10 20 18 28 9 1 22 32 14 22 22 38 0 20 19 11 17 31 26 33 34 22 6 2 
16 7 30 23 21 30 6 8 8 15 33 4 18 5 24 12 30 3 25 27 29 35 10 12 9 20 28 15 1 32 22 14 13 22 22 0 19 20 11 17 31 26 1 34 9 22 2 23 
7 35 6 21 19 30 36 8 8 33 4 18 5 24 3 12 33 25 27 29 16 10 28 12 19 20 15 37 32 14 22 13 0 22 22 2 11 20 17 31 26 1 34 9 19 22 23 38 
35 6 21 30 34 5 4 8 8 33 18 35 24 3 25 12 5 27 29 16 10 28 36 12 15 20 17 32 14 13 22 0 2 22 22 11 7 20 31 26 1 37 9 19 23 22 38 30 
6 21 5 30 7 5 33 8 8 18 35 24 3 25 27 12 5 29 16 10 28 36 15 12 17 20 32 14 13 0 22 2 11 22 22 37 31 20 26 1 4 9 19 23 34 22 38 39 
21 30 5 7 34 5 18 8 8 35 24 3 25 27 29 12 5 16 10 28 13 15 17 12 34 20 14 35 0 2 22 11 32 22 22 31 26 20 1 4 9 19 23 33 0 22 6 7 
30 35 5 7 18 5 36 8 8 24 3 25 27 29 16 12 24 10 28 13 15 17 34 12 14 20 21 33 2 11 22 32 31 22 22 26 1 20 4 9 19 23 2 0 6 22 37 7 
21 18 5 7 2 5 3 8 8 24 25 27 29 16 10 12 5 28 13 15 17 34 14 12 1 20 33 35 11 32 22 31 26 22 22 36 4 20 9 19 23 37 0 6 30 22 38 39 
27 25 7 2 3 5 24 8 8 35 29 27 16 10 28 12 5 13 15 17 34 14 1 12 3 20 18 11 32 31 22 26 36 22 22 4 9 20 19 23 33 0 6 30 6 22 21 37 
27 7 5 25 24 5 18 8 8 29 16 27 10 28 13 12 5 15 17 34 14 1 3 12 9 20 11 32 31 26 22 2 4 22 22 35 19 20 23 33 0 30 6 36 21 22 37 25 
7 24 5 25 18 5 29 8 8 16 27 10 28 13 15 12 16 17 34 14 1 3 9 12 21 20 32 31 26 2 22 4 35 22 22 19 23 20 33 0 30 6 26 36 11 22 37 11 
24 25 5 18 23 5 27 8 8 16 10 28 13 15 17 12 5 34 14 1 3 9 21 12 32 20 31 36 2 4 22 35 19 22 22 33 32 20 0 30 6 26 29 37 7 22 11 38 
25 18 5 23 24 5 16 8 8 10 28 13 15 17 34 12 5 14 1 3 9 21 31 12 7 20 2 10 4 27 22 19 33 22 22 32 0 20 30 6 26 29 0 11 17 22 35 36 
18 23 10 24 16 5 28 8 8 10 13 15 2 34 14 12 5 1 3 9 21 31 7 12 0 20 4 10 16 19 22 33 32 22 22 35 30 20 6 26 29 11 16 17 27 22 25 36 
23 24 5 36 28 5 37 8 8 13 15 2 34 14 1 12 5 3 9 21 31 7 0 12 4 20 10 17 19 33 22 32 35 22 22 30 6 20 26 29 11 16 19 27 25 22 18 36 
24 15 5 28 23 5 13 8 8 17 2 34 14 1 3 12 5 9 21 31 7 0 4 12 10 20 33 17 36 32 22 35 30 22 22 6 26 20 29 11 16 19 27 25 18 22 37 28 
15 37 5 23 13 5 32 8 8 2 34 14 1 3 9 12 2 21 31 7 0 4 10 12 33 20 17 36 13 35 22 30 6 22 22 26 29 20 11 16 19 27 25 18 24 22 28 23 
15 35 28 21 5 32 34 8 8 28 14 1 3 9 2 12 32 31 7 0 4 10 33 12 17 20 13 28 5 30 22 6 26 22 22 29 11 20 16 19 27 25 18 24 17 22 23 21 
15 30 28 21 11 32 14 8 8 28 1 3 9 2 31 12 32 7 0 4 10 33 13 12 18 20 5 28 11 6 22 26 29 22 22 34 16 20 19 27 25 23 24 17 16 22 35 21 
30 35 32 36 14 32 9 8 8 1 3 30 2 31 7 12 1 0 4 10 33 13 18 12 5 20 28 11 6 26 22 29 34 22 22 15 19 20 27 25 23 24 17 16 21 22 37 36 
35 27 6 14 32 9 3 8 8 1 30 2 31 7 0 12 9 4 10 33 13 18 5 12 28 20 11 1 26 29 22 34 15 22 22 19 36 20 25 23 24 17 16 21 36 22 37 38 
27 6 1 32 3 9 30 8 8 1 2 31 7 0 4 12 9 10 33 13 18 5 28 12 11 20 26 1 29 34 22 15 19 22 22 36 25 20 23 24 17 16 21 37 14 22 35 38 
31 32 1 27 30 9 2 8 8 1 6 7 0 4 10 12 9 33 13 18 5 28 11 12 26 20 29 1 26 15 22 19 3 22 22 25 23 20 24 17 16 21 4 14 23 22 34 27 
7 30 9 27 2 9 33 8 8 6 0 7 34 10 32 12 9 13 18 5 28 11 35 12 29 20 1 26 15 19 22 3 25 22 22 36 24 20 17 16 21 4 14 23 31 22 37 38 
30 27 9 2 33 9 6 8 8 26 7 30 10 32 13 12 9 18 5 28 11 35 29 12 1 20 0 15 19 3 22 25 34 22 22 24 17 20 16 21 4 14 23 31 19 22 36 37 
27 2 9 33 6 9 26 8 8 7 30 10 32 13 18 12 9 5 28 11 35 29 1 12 0 20 15 7 6 25 22 34 24 22 22 17 16 20 21 4 14 23 31 19 3 22 36 37 
10 33 7 25 26 9 30 8 8 7 32 10 13 18 5 12 9 28 11 21 29 1 0 12 15 20 6 7 26 19 22 24 17 22 22 16 26 20 4 14 23 31 26 3 2 22 27 25 
33 6 9 13 30 9 32 8 8 7 10 33 18 5 28 12 9 11 21 29 1 0 15 12 25 20 19 7 26 24 22 17 16 22 22 34 4 20 14 23 31 3 30 2 27 22 35 13 
33 35 7 36 27 32 10 8 8 9 37 18 5 28 11 12 9 21 29 1 0 15 25 12 19 20 2 26 24 17 22 16 34 22 22 4 14 20 23 31 3 30 27 6 9 22 13 38 
35 7 32 33 14 32 10 8 8 26 18 5 28 11 21 12 32 29 1 0 15 25 19 12 2 20 36 24 17 16 22 34 4 22 22 13 23 20 31 3 30 27 6 9 14 22 37 11 
5 33 24 18 10 32 26 8 8 24 28 5 16 21 29 12 32 1 0 15 25 19 2 12 7 20 17 24 14 34 22 4 13 22 22 23 31 20 3 30 27 6 11 9 31 22 35 18 
33 10 24 18 26 32 28 8 8 24 5 33 21 29 1 12 32 0 15 25 19 2 7 12 17 20 14 24 34 4 22 13 23 22 22 35 3 20 30 27 6 11 9 31 16 22 36 37 
10 18 24 26 17 32 5 8 8 24 33 21 29 1 0 12 32 15 25 19 2 7 28 12 14 20 34 24 4 13 22 23 35 22 22 3 30 20 27 6 11 9 31 16 30 22 36 37 
18 26 32 17 14 32 33 8 8 24 21 18 1 0 15 12 32 25 19 2 7 28 13 12 34 20 4 24 30 23 22 29 3 22 22 35 27 20 6 11 9 31 16 36 5 22 10 17 
26 14 32 17 33 32 4 8 8 21 18 1 0 15 25 12 32 19 2 7 28 13 34 12 27 20 24 21 23 29 22 3 35 22 22 36 6 20 11 9 31 16 30 5 10 22 37 17 
1 33 21 17 10 32 18 8 8 21 0 1 15 25 19 12 32 2 7 28 13 34 27 12 24 20 35 23 29 3 22 4 14 22 22 6 11 20 9 31 16 30 5 26 10 22 36 10 
33 17 32 0 18 32 21 8 8 23 1 15 25 19 2 12 32 7 28 13 34 27 24 12 35 20 29 23 3 4 22 14 6 22 22 11 9 20 31 16 30 5 3 36 26 22 10 0 
17 21 23 18 3 32 1 8 8 23 15 17 19 2 29 12 7 28 13 34 27 24 25 12 7 20 35 23 4 14 22 6 11 22 22 9 31 20 16 30 5 10 33 26 0 22 36 37 
21 32 18 3 37 1 15 8 8 23 17 19 2 29 28 12 1 13 34 27 24 25 7 12 35 20 4 23 14 6 22 11 9 22 22 31 16 20 30 5 10 33 26 0 36 22 38 3 
32 18 23 15 36 1 4 8 8 17 19 2 29 28 13 12 1 34 27 24 25 7 35 12 36 20 30 14 6 11 22 9 31 22 22 16 26 20 5 10 33 37 0 21 26 22 3 38 
18 23 1 32 4 1 17 8 8 19 2 29 28 13 34 12 1 27 24 25 7 35 36 12 30 20 14 6 11 9 22 31 16 22 22 21 5 20 10 33 15 0 30 26 3 22 37 38 
23 32 1 4 30 1 19 8 8 2 29 28 13 34 27 12 2 24 25 7 35 36 14 12 18 20 6 11 9 31 22 16 21 22 22 5 10 20 33 15 0 37 26 3 17 22 38 17 
28 19 4 30 1 4 29 8 8 2 27 13 34 18 24 12 2 25 7 35 36 14 37 12 6 20 11 9 31 16 22 21 5 22 22 10 33 20 15 0 32 26 3 38 23 22 17 30 
19 4 9 1 6 29 27 8 8 2 13 34 18 24 25 12 29 7 35 36 14 37 38 12 11 20 16 31 23 21 22 5 10 22 22 33 15 20 0 32 26 3 28 39 17 22 30 1 
4 9 29 6 27 29 2 8 8 13 34 18 24 25 7 12 13 35 36 14 37 16 11 12 23 20 31 38 21 5 22 10 33 22 22 15 0 20 32 26 3 28 19 17 30 22 1 39 
9 5 6 27 29 2 34 8 8 13 18 24 25 7 35 12 13 36 14 37 16 11 23 12 31 20 38 21 31 10 22 33 15 22 22 0 32 20 26 3 28 19 17 30 1 22 4 31 
5 6 27 31 31 27 18 8 8 13 24 25 7 4 2 12 27 14 29 16 11 23 30 12 9 20 21 26 10 33 22 15 0 22 22 32 9 20 3 28 19 17 10 1 31 22 34 10 
25 33 27 24 10 18 13 8 8 26 34 7 4 2 14 12 10 29 16 11 23 30 21 12 10 20 35 6 10 15 22 0 32 22 22 9 3 20 28 19 17 1 10 31 5 22 36 37 
33 27 24 37 18 13 26 8 8 34 7 4 2 14 36 12 29 16 11 23 30 21 31 12 35 20 6 34 15 0 22 32 9 22 22 3 28 20 19 17 1 10 37 5 15 22 25 37 
27 24 26 18 13 29 7 8 8 34 4 2 14 19 16 12 29 11 23 30 21 31 35 12 6 20 0 34 33 32 22 9 3 22 22 28 33 20 17 1 10 36 5 15 25 22 37 38 
2 26 34 13 33 29 4 8 8 34 14 2 19 16 11 12 29 23 30 21 31 7 6 12 0 20 35 34 32 9 22 3 28 22 22 36 17 20 1 10 18 5 15 25 24 22 27 13 
26 1 29 33 4 29 9 8 8 14 2 19 16 11 23 12 29 30 21 31 7 6 0 12 35 20 34 32 35 3 22 28 36 22 22 17 24 20 10 18 5 15 25 37 27 22 13 33 
1 16 29 4 9 29 14 8 8 2 19 1 11 23 30 12 29 21 31 7 6 0 37 12 34 20 32 35 3 28 22 36 17 22 22 24 10 20 18 5 15 25 26 27 13 22 33 4 
16 9 29 4 14 29 2 8 8 19 1 11 23 30 21 12 19 31 7 6 0 28 34 12 32 20 35 3 32 36 22 17 24 22 22 10 18 20 5 15 25 26 27 13 33 22 37 4 
9 37 2 14 29 2 1 8 8 19 11 23 30 21 31 12 19 7 6 0 28 34 16 12 35 20 3 32 36 17 22 24 10 22 22 18 5 20 15 25 26 27 13 33 29 22 4 14 
23 36 1 14 2 1 11 8 8 19 3 30 21 31 7 12 19 6 0 28 34 16 35 12 29 20 32 9 17 24 22 10 18 22 22 5 15 20 25 26 27 13 33 4 17 22 37 15 
30 14 1 2 17 11 3 8 8 19 36 21 31 7 6 12 11 0 28 34 16 35 29 12 32 20 9 37 24 10 22 18 5 22 22 38 25 20 26 27 13 33 4 23 17 22 15 39 
14 1 2 15 3 11 19 8 8 36 21 31 7 6 0 12 36 28 34 16 35 29 32 12 9 20 37 24 10 18 22 5 38 22 22 25 26 20 27 13 33 4 23 17 9 22 30 39 
1 2 15 3 14 15 21 8 8 36 31 7 6 0 28 12 15 34 16 35 29 32 37 12 19 20 24 10 18 5 22 11 25 22 22 26 27 20 13 33 4 23 17 9 30 22 38 39 
2 3 15 1 21 15 9 8 8 31 7 2 0 28 34 12 15 16 35 29 32 6 19 12 24 20 10 18 5 11 22 25 26 22 22 27 13 20 33 4 23 17 21 30 14 22 36 37 
2 9 1 3 13 15 31 8 8 18 0 2 28 34 16 12 15 35 29 32 6 19 24 12 10 20 36 5 11 25 22 26 27 22 22 37 33 20 4 23 17 21 30 14 7 22 38 39 
9 1 15 3 31 15 18 8 8 0 2 9 34 16 35 12 0 29 32 6 19 24 10 12 13 20 5 11 25 26 22 27 28 22 22 33 4 20 23 17 21 30 14 7 0 22 36 37 
1 7 3 31 15 18 34 8 8 2 9 1 16 35 29 12 2 32 6 19 24 10 13 12 5 20 11 25 26 27 22 28 33 22 22 4 23 20 17 21 30 14 15 0 36 22 37 38 
7 3 31 18 34 31 9 8 8 2 1 16 11 29 32 12 2 6 19 24 10 13 5 12 34 20 25 26 34 28 22 33 4 22 22 23 17 20 21 30 14 15 0 27 0 22 35 36 
16 18 31 35 36 9 1 8 8 2 3 11 29 32 6 12 9 19 24 10 13 5 34 12 25 20 26 31 28 33 22 4 23 22 22 17 21 20 30 14 15 27 36 0 28 22 7 25 
18 29 9 3 1 9 2 8 8 31 11 18 32 6 19 12 9 24 10 13 5 7 26 12 1 20 0 30 33 4 22 23 17 22 22 21 25 20 14 15 27 16 3 28 33 22 34 3 
18 34 35 11 2 9 31 8 8 30 36 32 6 19 24 12 9 10 13 5 7 26 1 12 0 20 14 30 4 23 22 17 21 22 22 25 4 20 15 27 16 37 28 33 29 22 3 11 
34 35 30 2 31 9 14 8 8 30 32 6 19 24 10 12 9 13 5 7 26 1 0 12 29 20 15 30 23 17 22 21 25 22 22 4 29 20 27 16 18 28 33 36 3 22 11 31 
35 2 30 14 31 9 34 8 8 32 6 19 24 10 13 12 9 5 7 26 1 0 15 12 31 20 17 23 31 21 22 25 4 22 22 29 27 20 16 18 28 33 3 36 11 22 37 38 
2 30 14 38 34 9 32 8 8 6 19 24 10 13 5 12 6 7 26 1 0 15 39 12 17 20 23 31 21 25 22 4 29 22 22 27 16 20 18 28 33 3 36 11 37 22 35 40 
30 14 18 34 9 18 7 8 8 19 24 10 13 5 6 12 18 26 1 0 15 32 17 12 23 20 31 21 25 4 22 29 27 22 22 16 36 20 28 33 3 38 11 37 35 22 2 39 
14 34 18 9 11 18 19 8 8 21 10 13 5 6 26 12 18 1 0 15 32 17 23 12 31 20 37 25 4 29 22 27 16 22 22 36 28 20 33 3 7 38 24 35 2 22 30 9 
34 38 18 11 19 18 21 8 8 10 13 5 6 26 1 12 18 0 15 32 17 23 31 12 37 20 25 4 29 27 22 16 36 22 22 28 33 20 3 7 14 24 35 2 30 22 9 39 
29 11 18 19 21 18 10 8 8 13 5 6 26 1 0 12 18 15 32 17 23 31 3 12 25 20 4 13 27 16 22 36 28 22 22 33 35 20 7 14 24 37 2 30 9 22 34 38 
11 19 13 21 10 18 5 8 8 13 6 26 1 0 15 12 18 32 17 23 31 3 25 12 4 20 27 13 2 36 22 28 33 22 22 35 7 20 14 24 16 30 10 9 34 22 29 21 
19 36 13 37 5 18 6 8 8 13 26 1 0 15 32 12 18 17 23 31 3 25 4 12 27 20 2 13 11 28 22 33 35 22 22 7 14 20 24 16 30 10 9 34 29 22 21 37 
36 34 13 5 6 18 26 8 8 13 1 0 15 32 17 12 18 23 31 3 25 4 27 12 2 20 11 13 28 33 22 35 7 22 22 14 24 20 16 30 10 9 24 29 21 22 19 37 
34 6 5 36 28 26 1 8 8 18 0 15 32 17 23 12 18 31 3 25 4 27 2 12 11 20 13 5 33 35 22 7 14 22 22 16 33 20 30 10 9 24 29 21 19 22 37 36 
6 32 5 28 26 1 0 8 8 18 15 6 17 23 31 12 18 3 25 4 27 2 11 12 13 20 34 5 35 7 22 14 16 22 22 33 30 20 10 9 24 29 21 19 13 22 36 13 
32 35 28 26 1 0 15 8 8 18 6 17 23 31 3 12 0 25 4 27 2 11 34 12 21 20 5 28 7 14 22 16 33 22 32 30 10 20 9 24 29 37 19 36 21 22 13 38 
32 26 0 1 15 0 18 8 8 28 17 23 31 3 25 12 0 4 27 2 11 34 9 12 5 20 7 28 14 16 22 33 30 22 22 10 14 20 24 29 6 19 13 21 13 22 35 5 
26 1 28 15 18 0 17 8 8 28 23 26 3 25 4 12 0 27 2 11 31 9 34 12 7 20 24 28 16 33 22 30 10 22 22 14 16 20 29 6 19 21 5 13 32 22 35 36 
1 15 28 18 17 0 4 8 8 23 26 3 25 32 27 12 23 2 11 31 9 34 7 12 24 20 37 28 33 30 22 10 14 22 22 16 29 20 6 19 21 5 13 35 23 22 36 38 
3 18 0 1 4 0 26 8 8 23 25 3 32 27 2 12 23 11 31 9 34 7 24 12 15 20 28 33 30 10 22 14 16 22 22 29 15 20 19 21 5 13 6 35 17 22 36 37 
18 1 0 4 15 26 25 8 8 23 3 32 27 2 11 12 23 31 9 34 7 24 28 12 30 20 33 37 10 14 22 16 29 22 22 35 19 20 21 5 13 6 17 38 36 22 39 40 
1 0 26 18 31 25 27 8 8 3 32 1 2 11 23 12 25 9 34 7 24 28 30 12 33 20 10 3 14 16 22 29 35 22 22 19 21 20 5 13 6 17 15 36 4 22 37 31 
0 26 3 31 14 25 32 8 8 3 1 2 11 23 9 12 25 34 7 24 28 30 33 12 10 20 27 3 16 29 22 35 19 22 22 21 5 20 13 6 17 15 4 36 18 22 37 38 
26 14 31 0 32 25 1 8 8 3 2 11 23 9 34 12 25 7 24 28 30 33 10 12 27 20 16 3 5 35 22 19 21 22 22 37 13 20 6 17 15 4 36 18 29 22 38 0 
14 31 3 32 1 25 2 8 8 3 11 14 9 34 7 12 25 24 28 30 33 10 27 12 16 20 5 3 35 19 22 21 23 22 22 13 6 20 17 15 4 36 18 29 26 22 0 37 
31 32 3 1 38 2 11 8 8 25 14 9 34 7 24 12 25 28 30 33 10 27 16 12 5 20 19 35 26 21 22 23 13 22 22 6 17 20 15 4 36 18 29 39 0 22 37 1 
9 3 32 1 2 11 14 8 8 25 38 34 7 24 28 12 25 30 33 10 27 16 5 12 19 20 35 26 21 23 22 13 6 22 22 17 15 20 4 36 18 29 31 0 37 22 39 1 
3 32 11 1 35 14 2 8 8 25 34 7 24 28 30 12 14 33 10 27 16 5 19 12 35 20 26 21 23 13 22 6 17 22 22 15 23 20 36 18 29 31 0 4 9 22 37 1 
32 11 26 34 2 14 25 8 8 21 7 24 28 30 33 12 14 10 27 16 5 19 35 12 23 20 4 21 13 6 22 17 15 22 22 36 1 20 18 29 31 0 23 9 3 22 37 38 
11 26 21 2 25 14 7 8 8 21 24 28 30 33 10 12 14 27 16 5 19 35 6 12 4 20 13 21 23 17 22 15 36 22 22 1 18 20 29 31 0 9 32 3 34 22 37 38 
28 2 14 25 7 14 24 8 8 21 37 30 33 10 27 12 14 16 5 19 35 6 4 12 13 20 26 23 17 15 22 36 1 22 22 18 29 20 31 0 9 32 3 34 3 22 11 25 
2 7 14 25 17 14 21 8 8 23 30 2 10 27 16 12 14 5 19 28 6 4 13 12 26 20 34 35 15 24 22 1 18 22 22 29 31 20 0 9 32 11 33 3 15 22 36 25 
2 0 14 17 21 14 23 8 8 30 34 10 27 16 5 12 14 19 28 6 4 13 26 12 21 20 35 24 33 1 22 18 29 22 22 31 33 20 9 32 11 7 3 15 21 22 25 33 
0 17 14 27 23 14 30 8 8 34 10 0 16 5 19 12 34 28 6 4 13 26 35 12 2 20 24 1 33 18 22 29 31 22 22 36 9 20 32 11 7 3 15 21 25 22 37 2 
17 30 27 23 14 27 10 8 8 34 0 16 5 19 28 12 34 6 4 13 26 35 38 12 24 20 1 33 18 29 22 31 36 22 22 9 32 20 11 7 3 15 21 25 37 22 2 37 
30 5 23 14 27 10 0 8 8 34 16 30 19 28 6 12 34 4 13 26 35 17 24 12 1 20 33 23 27 31 22 29 9 22 22 32 11 20 7 3 15 21 25 36 2 22 18 14 
5 31 4 0 10 4 6 8 8 16 30 19 28 25 34 12 16 13 26 35 17 24 1 12 33 20 23 27 14 29 22 9 32 22 22 11 10 20 3 15 21 18 7 2 10 22 36 37 
19 0 4 5 36 6 30 8 8 16 37 28 25 34 13 12 16 26 35 17 24 1 33 12 23 20 27 14 29 9 22 32 11 22 22 3 29 20 15 21 18 7 2 10 31 22 38 5 
0 4 6 36 31 30 9 8 8 16 28 25 34 13 26 12 16 35 17 24 1 33 23 12 27 20 14 6 5 32 22 11 3 22 22 29 15 20 21 18 7 2 10 37 19 22 38 36 
4 31 30 0 9 30 28 8 8 16 25 34 13 26 35 12 16 17 24 1 33 23 27 12 14 20 6 5 14 11 22 3 29 22 22 15 21 20 18 7 2 10 32 19 21 22 36 0 
31 36 30 9 28 30 25 8 8 16 34 13 26 35 17 12 30 24 1 33 23 27 6 12 14 20 5 37 11 3 22 29 15 22 22 4 18 20 7 2 10 32 19 21 0 22 38 9 
36 28 30 9 25 30 16 8 8 34 13 26 35 17 24 12 30 1 33 23 27 6 14 12 5 20 31 11 3 29 22 15 4 22 22 18 7 20 2 10 32 19 21 0 7 22 37 7 
28 9 30 25 16 30 34 8 8 13 26 35 17 24 1 12 13 33 23 27 6 14 5 12 31 20 11 3 29 15 22 4 18 22 22 2 21 20 10 32 19 37 0 38 36 22 7 25 
35 16 30 25 31 30 26 8 8 13 36 17 24 1 33 12 13 23 27 6 14 5 28 12 11 20 3 29 15 4 22 18 2 22 22 21 10 20 32 19 9 0 10 34 7 22 37 25 
16 37 30 31 4 26 36 8 8 13 17 24 1 33 23 12 13 27 6 14 5 28 11 12 3 20 29 15 25 18 22 2 21 22 22 38 32 20 19 9 0 10 34 7 35 22 39 40 
18 30 15 4 26 19 17 8 8 15 24 1 33 23 13 12 19 6 14 5 28 11 3 12 29 20 25 15 34 2 22 21 27 22 22 32 34 20 9 0 10 31 7 35 29 22 16 4 
30 33 15 26 17 19 24 8 8 15 1 30 23 13 35 12 6 14 5 28 11 3 34 12 25 20 2 15 25 21 22 27 32 22 22 1 9 20 0 10 31 7 18 29 16 22 4 36 
33 26 19 17 24 6 21 8 8 25 30 23 13 0 14 12 25 5 28 11 3 29 2 12 24 20 15 19 16 27 22 32 1 22 22 9 16 20 10 31 7 18 16 4 24 22 34 16 
26 17 19 6 16 21 30 8 8 25 23 26 0 14 5 12 25 28 11 3 29 2 33 12 15 20 34 27 24 32 22 1 9 22 22 35 10 20 31 7 18 4 24 36 13 22 37 16 
17 19 21 16 24 30 23 8 8 25 26 17 14 15 28 12 25 11 3 29 2 33 31 12 16 20 27 21 32 1 22 9 5 22 22 10 24 20 7 18 4 34 0 13 6 22 35 16 
17 35 30 36 23 25 37 8 8 26 7 14 15 28 11 12 26 3 29 2 33 31 27 12 6 20 21 32 1 9 22 5 10 22 22 24 28 20 18 4 34 0 13 38 19 22 16 36 
35 30 16 23 25 37 7 8 8 26 14 15 9 11 3 12 26 29 2 33 31 27 6 12 21 20 32 1 36 5 22 10 24 22 22 28 18 20 4 34 0 13 17 19 36 22 38 39 
30 16 23 32 18 7 9 8 8 14 15 30 11 3 26 12 14 2 33 31 27 6 21 12 29 20 1 5 29 10 22 24 28 22 22 35 4 20 34 0 13 17 19 25 19 22 36 37 
16 23 5 18 7 9 15 8 8 14 30 11 3 26 2 12 14 33 31 27 6 21 1 12 19 20 29 5 10 24 22 28 35 22 22 4 34 20 0 13 17 25 7 37 36 22 32 18 
23 37 9 0 15 9 30 8 8 14 11 3 26 2 33 12 9 31 27 6 21 1 19 12 29 20 5 10 24 28 22 35 4 22 22 34 36 20 13 17 25 7 16 38 32 22 18 0 
11 15 9 0 30 9 14 8 8 10 3 26 2 33 31 12 9 27 6 21 1 19 29 12 5 20 28 24 32 35 22 4 34 22 22 36 13 20 17 25 7 16 23 37 18 22 38 5 
15 0 9 30 14 9 10 8 8 24 26 2 33 31 27 12 9 6 21 1 19 29 28 12 5 20 32 24 14 4 22 34 35 22 22 13 17 20 25 7 16 23 3 18 11 22 36 30 
0 10 24 17 30 9 26 8 8 24 2 33 31 27 6 12 9 21 1 19 29 28 5 12 32 20 14 24 4 34 22 35 13 22 22 15 25 20 7 16 23 3 18 11 30 22 36 37 
10 17 24 14 26 9 2 8 8 24 33 31 27 6 21 12 9 1 19 29 28 5 32 12 0 20 4 24 34 25 22 13 15 22 22 33 7 20 16 23 3 18 11 30 11 22 35 14 
17 26 9 14 11 9 4 8 8 24 31 27 6 21 1 12 11 19 29 28 5 32 0 12 11 20 34 2 25 13 22 15 33 22 22 7 16 20 23 3 18 35 30 36 10 22 37 10 
26 9 14 10 11 4 24 8 8 2 27 6 21 1 19 12 4 29 28 5 32 0 36 12 34 20 37 25 13 15 22 33 7 22 22 16 23 20 3 18 35 30 31 17 34 22 38 10 
6 14 4 10 24 4 2 8 8 27 21 6 1 19 29 12 27 28 5 32 0 11 36 12 9 20 25 13 15 33 22 7 16 22 22 23 3 20 18 35 30 31 17 34 26 22 37 10 
14 38 25 24 4 2 21 8 8 27 6 1 19 29 28 12 27 5 32 0 11 36 9 12 3 20 13 15 33 7 22 16 23 22 22 18 33 20 35 30 31 17 34 26 37 22 10 37 
14 25 24 4 3 24 6 8 8 27 1 14 29 28 5 12 24 32 0 11 21 9 35 12 13 20 15 36 7 16 22 23 18 22 22 33 19 20 30 31 17 34 26 10 3 22 2 37 
25 1 4 29 6 24 27 8 8 36 14 25 28 5 32 12 4 0 11 21 9 35 13 12 15 20 7 36 16 23 22 18 33 22 22 19 30 20 31 17 34 26 10 3 2 22 37 38 
1 29 36 6 24 4 14 8 8 36 25 28 5 32 0 12 4 11 21 9 35 13 15 12 7 20 16 36 7 18 22 33 19 22 22 30 31 20 17 34 26 10 3 2 23 22 27 6 
28 35 1 24 14 4 25 8 8 1 36 5 32 0 27 12 11 21 9 29 13 15 16 12 31 20 7 1 18 33 22 19 30 22 22 17 11 20 34 26 10 3 2 23 18 22 6 37 
5 24 1 14 4 25 35 8 8 1 7 32 0 27 21 12 25 9 29 13 15 16 31 12 2 20 36 1 33 19 22 30 17 22 22 11 34 20 26 10 3 23 2 18 6 22 28 37 
24 14 25 4 33 25 36 8 8 7 32 0 27 21 9 12 7 29 13 15 16 31 37 12 35 20 1 28 19 30 22 17 11 22 22 34 26 20 10 3 23 2 18 6 33 22 5 38 
14 38 4 10 25 36 32 8 8 7 0 27 21 9 29 12 7 13 15 16 31 37 35 12 1 20 28 19 30 17 22 11 34 22 22 26 30 20 3 23 2 18 6 33 5 22 24 39 
32 4 10 25 36 10 0 8 8 7 27 21 9 29 13 12 10 15 16 31 33 35 1 12 28 20 19 7 17 11 22 34 26 22 22 30 3 20 23 2 18 6 3 5 24 22 14 3 
21 0 25 32 3 10 17 8 8 27 19 9 29 13 15 12 10 16 31 33 4 1 28 12 13 20 7 25 11 34 22 26 30 22 22 23 3 20 2 18 6 35 5 24 14 22 36 32 
0 36 10 32 17 10 27 8 8 19 9 29 37 15 16 12 19 31 33 4 1 28 13 12 7 20 25 11 34 26 22 30 23 22 22 3 2 20 18 6 35 5 24 14 21 22 38 32 
36 27 10 17 32 10 9 8 8 19 29 34 15 16 31 12 10 33 4 1 28 13 7 12 25 20 11 19 26 30 22 23 3 22 22 2 18 20 6 35 5 24 14 21 0 22 37 17 
27 32 10 17 9 10 15 8 8 29 34 27 16 31 33 12 29 4 1 28 13 7 25 12 11 20 19 26 30 23 22 3 2 22 22 18 17 20 35 5 24 14 21 0 6 22 36 17 
32 30 10 9 16 15 34 8 8 29 27 32 31 33 4 12 15 1 28 13 7 25 11 12 19 20 26 10 23 3 22 2 18 22 22 0 35 20 5 24 14 21 23 6 36 22 17 37 
30 9 15 16 34 15 29 8 8 10 32 31 33 4 1 12 15 28 13 7 25 11 19 12 26 20 37 3 27 2 22 18 0 22 22 35 5 20 24 14 21 23 6 36 17 22 38 26 
9 16 15 26 26 15 10 8 8 32 31 33 4 1 28 12 15 13 7 25 11 19 2 12 34 20 3 27 34 18 22 0 24 22 22 5 17 20 14 21 23 6 29 35 30 22 36 26 
16 10 15 26 30 15 32 8 8 31 33 16 1 28 13 12 15 7 25 11 19 2 35 12 3 20 27 34 18 0 22 24 5 22 22 17 14 20 21 23 6 29 4 36 9 22 37 26 
10 30 34 26 3 15 31 8 8 34 16 1 28 13 7 12 15 25 11 19 2 35 36 12 27 20 18 34 0 24 22 5 17 22 22 14 21 20 23 6 29 4 33 9 32 22 37 38 
30 26 15 3 31 15 28 8 8 16 1 30 13 7 25 12 15 11 19 2 35 36 27 12 18 20 34 0 21 5 22 17 14 22 22 23 31 20 6 29 4 33 9 32 24 22 10 37 
26 3 15 5 28 15 16 8 8 1 30 13 7 25 11 12 15 19 2 35 32 27 18 12 34 20 0 21 24 17 22 14 23 22 22 31 6 20 29 4 33 9 28 36 10 22 37 38 
3 5 15 7 16 15 1 8 8 30 13 3 25 24 19 12 30 2 11 32 27 18 34 12 26 20 21 0 17 14 22 23 31 22 22 6 29 20 4 33 9 28 29 10 26 22 35 24 
5 7 15 16 29 15 13 8 8 30 3 25 35 19 2 12 15 11 32 27 18 34 17 12 21 20 0 30 14 23 22 31 6 22 22 36 4 20 33 9 28 1 10 26 4 22 24 37 
25 16 15 29 13 15 36 8 8 3 37 35 19 2 11 12 15 32 27 18 34 17 21 12 0 20 30 14 23 31 22 6 7 22 22 24 33 20 9 28 1 10 26 4 23 22 5 26 
16 25 29 13 26 15 3 8 8 14 35 19 2 11 32 12 15 27 18 34 17 21 0 12 30 20 36 37 31 6 22 7 24 22 22 33 9 20 28 1 10 5 4 23 26 22 38 13 
25 29 15 38 35 3 14 8 8 37 19 2 11 32 27 12 3 18 34 17 21 0 30 12 36 20 6 31 4 7 22 24 33 22 22 9 28 20 1 10 5 23 35 26 16 22 13 38 
29 15 3 25 14 3 19 8 8 31 2 11 32 27 18 12 3 34 17 21 0 30 36 12 6 20 37 4 7 24 22 33 9 22 22 28 1 20 10 5 23 35 26 16 13 22 38 7 
11 37 25 14 19 3 31 8 8 2 32 11 27 18 34 12 2 17 21 0 30 36 6 12 15 20 4 16 24 33 22 9 28 22 22 1 10 20 5 23 35 26 13 38 29 22 7 39 
11 25 16 19 3 31 32 8 8 2 4 27 18 34 17 12 2 21 0 30 33 6 15 12 13 20 24 16 3 9 22 28 1 22 22 10 5 20 23 35 26 36 14 29 7 22 37 3 
25 37 19 32 31 19 4 8 8 2 27 18 34 17 21 12 2 0 30 33 6 15 13 12 24 20 16 11 9 28 22 1 10 22 22 5 23 20 35 26 36 14 29 7 31 22 3 32 
25 37 19 38 28 4 27 8 8 2 18 34 17 21 0 12 2 30 33 6 15 13 24 12 16 20 11 9 16 1 22 10 5 22 22 23 35 20 26 36 14 29 7 31 3 22 32 39 
34 19 0 28 4 27 18 8 8 2 17 34 21 35 30 12 2 33 6 15 13 24 37 12 11 20 9 16 1 10 22 5 23 22 22 31 26 20 36 14 29 7 4 3 32 22 25 28 
19 0 27 28 11 27 17 8 8 2 34 21 35 30 33 12 2 6 15 13 24 18 37 12 9 20 16 1 10 5 22 23 31 22 22 26 36 20 14 29 7 4 3 32 25 22 38 9 
0 32 28 11 27 17 34 8 8 2 21 35 30 33 6 12 2 15 13 24 18 37 5 12 16 20 1 10 16 23 22 31 26 22 22 36 14 20 29 7 4 3 16 25 19 22 9 27 
32 28 17 36 37 34 21 8 8 2 35 30 33 6 15 12 2 13 24 18 0 5 25 12 1 20 10 23 19 31 22 26 11 22 22 14 29 20 7 4 3 16 27 9 1 22 38 36 
28 17 23 34 1 21 35 8 8 23 30 33 6 15 2 12 21 24 18 0 5 25 10 12 13 20 19 23 31 26 22 11 14 22 22 29 7 20 4 3 16 27 9 36 32 22 37 34 
33 36 23 1 35 21 30 8 8 23 17 6 15 2 24 12 21 18 0 5 25 10 13 12 19 20 31 23 26 11 22 14 29 22 22 7 4 20 3 16 27 9 4 32 28 22 34 4 
33 1 21 11 30 21 31 8 8 17 6 15 2 24 18 12 17 0 5 25 10 13 19 12 4 20 23 26 28 14 22 29 7 22 22 35 3 20 16 27 9 32 4 36 34 22 37 38 
1 31 11 30 21 11 6 8 8 17 15 2 24 18 0 12 11 5 25 10 13 19 14 12 23 20 26 28 3 29 22 7 35 22 22 38 16 20 27 9 32 4 36 34 37 22 33 36 
31 6 30 21 36 11 17 8 8 15 2 24 18 0 5 12 11 25 10 13 19 14 23 12 26 20 28 15 29 7 22 35 1 22 22 16 27 20 9 32 4 34 29 3 33 22 37 38 
6 30 15 31 17 11 2 8 8 15 24 6 0 5 25 12 11 10 13 19 14 23 26 12 28 20 35 15 7 18 22 1 16 22 22 27 9 20 32 4 34 29 3 33 21 22 36 37 
30 31 15 17 2 11 24 8 8 15 6 30 5 25 10 12 11 13 19 14 23 26 28 12 21 20 7 15 18 1 22 16 27 22 22 9 2 20 4 32 29 3 21 33 0 22 34 17 
