0 0 0 0 0 0 0 0 0 0 0 0 0 0 0 0 0 0 0 0 0 0 0 0 0 0 0 0 0 0 0 0 0 0 0 0 0 0 0 0 0 0 0 0 0 0 
8 9 5 13 40 14 15 16 18 21 11 17 22 7 25 26 27 24 31 20 29 30 33 24 32 20 35 36 37 38 19 39 28 34 34 11 12 0 1 2 3 4 10 6 23 41 
0 0 0 0 0 0 0 0 0 0 0 0 0 0 0 0 0 0 0 0 0 0 0 0 0 0 0 0 0 0 0 0 0 0 0 0 0 0 0 0 0 0 0 0 0 0 
0 1 2 3 4 5 6 7 8 9 0 1 2 3 4 5 6 7 8 9 0 1 2 3 4 5 6 7 8 9 0 1 2 3 4 5 6 7 8 9 0 1 2 3 4 5 
10 11 12 13 14 15 16 17 18 19 20 21 22 23 24 25 26 27 28 29 30 31 32 27 33 29 34 9 33 35 3 36 2 6 6 20 7 8 0 33 1 33 33 4 5 37 
11 12 13 14 15 16 17 18 19 26 20 22 23 24 25 28 26 27 30 29 31 32 36 27 34 29 9 35 33 3 21 2 7 6 6 20 8 0 37 1 38 39 4 5 10 40 
12 13 14 15 16 17 18 19 30 22 20 23 24 25 28 26 22 27 31 29 32 36 34 27 9 29 35 33 3 21 2 7 8 6 6 20 0 37 1 38 5 4 3 10 11 39 
13 14 15 16 17 18 19 30 39 23 20 24 25 28 26 22 31 27 32 29 36 34 9 27 35 29 33 40 21 2 7 8 0 6 6 20 37 1 38 5 4 3 10 11 12 41 
14 15 16 17 18 19 30 39 23 24 20 25 28 26 22 31 32 27 36 29 34 9 35 27 33 29 40 21 2 7 8 0 37 6 6 20 1 38 5 4 3 10 11 12 13 41 
15 16 17 18 19 30 39 23 24 25 20 28 26 22 31 32 36 27 34 29 9 35 33 27 40 29 21 2 7 8 0 37 1 6 6 20 38 5 4 3 10 11 12 13 14 41 
16 17 18 19 30 39 23 24 25 36 20 26 22 31 32 34 36 27 9 29 35 33 28 27 21 29 2 7 8 0 37 1 38 6 6 20 5 4 3 10 11 12 13 14 15 40 
17 18 19 30 39 23 24 25 26 36 20 22 31 32 34 13 9 27 35 29 33 28 21 27 2 29 7 8 0 37 1 38 5 6 6 20 4 3 10 11 12 0 14 15 16 40 
18 19 30 22 23 24 25 26 36 9 20 31 32 34 13 35 9 27 33 29 28 21 2 27 7 29 8 15 37 1 38 5 4 6 6 20 3 10 11 12 0 14 37 16 17 39 
19 30 22 23 24 25 26 36 33 31 20 32 34 13 35 9 31 27 28 29 21 2 7 27 8 29 15 39 1 38 5 4 3 6 6 20 10 11 12 0 14 37 16 17 18 40 
30 22 23 24 25 26 36 33 32 31 20 34 13 35 9 40 28 27 21 29 2 7 8 27 15 29 39 1 38 5 4 3 10 6 6 20 11 12 0 14 37 16 17 18 19 41 
22 23 24 25 26 36 33 32 31 34 20 13 35 9 40 28 21 27 2 29 7 8 15 27 39 29 1 38 5 4 3 10 11 6 6 20 12 0 14 37 16 17 18 19 30 41 
23 24 25 26 36 33 32 31 34 21 20 35 9 13 28 40 2 27 7 29 8 15 39 27 1 29 38 5 4 3 10 11 12 6 6 20 0 14 37 16 17 18 19 30 22 41 
24 25 26 36 33 32 31 34 21 35 20 9 13 28 30 2 7 27 8 29 15 39 1 27 38 29 5 4 3 10 11 12 0 6 6 20 14 37 16 17 18 19 3 22 23 40 
25 26 36 33 32 31 34 21 35 9 20 13 28 30 2 7 8 27 15 29 39 1 38 27 5 29 4 3 10 11 12 0 14 6 6 20 37 16 17 18 19 5 22 23 24 40 
26 36 33 32 31 34 21 35 9 8 20 28 30 2 7 39 15 27 13 29 1 38 40 27 4 29 3 10 11 12 0 14 37 6 6 20 16 17 18 19 5 22 23 24 25 41 
36 33 32 31 34 21 35 9 8 28 20 30 2 7 23 15 28 27 1 29 38 13 4 27 3 29 10 11 12 0 14 37 16 6 6 20 17 18 19 5 22 12 24 25 26 39 
33 32 31 34 21 35 9 8 39 30 20 2 7 23 15 28 1 27 38 29 13 4 3 27 10 29 11 25 0 14 37 16 17 6 6 20 18 19 5 22 12 24 0 26 36 40 
32 31 34 21 35 9 8 2 30 1 20 7 23 15 28 39 38 27 13 29 4 3 10 27 11 29 25 40 14 37 16 17 18 6 6 20 19 5 22 12 24 0 26 36 33 41 
28 18 1 12 11 26 15 8 2 32 13 35 7 10 19 39 17 4 23 34 20 21 6 4 24 34 36 3 14 37 5 22 31 29 29 13 38 0 9 16 30 25 14 33 27 40 
18 1 12 11 26 15 8 2 32 35 13 7 10 19 23 17 35 4 20 34 21 6 24 4 36 34 3 39 37 5 22 31 38 29 29 13 0 9 16 30 25 14 33 27 28 40 
1 12 11 26 15 8 2 32 40 7 13 10 19 23 17 35 20 4 21 34 6 24 36 4 3 34 39 37 5 22 31 38 0 29 29 13 9 16 30 25 14 33 27 28 18 41 
12 11 26 15 8 2 32 21 7 10 13 19 23 17 35 20 10 4 6 34 24 36 3 4 39 34 37 5 22 31 38 0 9 29 29 13 16 30 25 14 33 27 28 18 1 40 
0 0 0 0 0 0 0 0 0 0 0 0 0 0 0 0 0 0 0 0 0 0 0 0 0 0 0 0 0 0 0 0 0 0 0 0 0 0 0 0 0 0 0 0 0 0 
11 26 15 8 2 32 21 7 28 19 13 23 17 35 20 10 6 4 24 34 36 3 39 4 37 34 5 22 31 38 0 9 16 29 29 13 30 25 14 33 27 31 18 1 12 40 
0 0 0 0 0 0 0 0 0 0 0 0 0 0 0 0 0 0 0 0 0 0 0 0 0 0 0 0 0 0 0 0 0 0 0 0 0 0 0 0 0 0 0 0 0 0 
1 2 3 4 5 6 7 8 9 10 11 12 13 14 15 16 17 18 19 20 21 22 23 24 25 20 26 27 28 29 30 31 32 33 34 11 35 36 37 38 39 40 40 41 0 42 
26 15 8 2 32 21 7 28 19 23 13 17 35 20 10 6 23 4 36 34 3 24 37 4 5 34 22 39 38 0 9 16 30 29 29 13 25 14 33 27 31 18 1 12 11 40 
15 8 2 32 21 7 28 19 17 23 13 35 20 10 6 40 36 4 3 34 24 37 5 4 22 34 39 38 0 9 16 30 25 29 29 13 14 33 27 31 18 1 12 11 26 41 
8 2 32 21 7 28 19 17 23 35 13 20 10 6 40 36 3 4 24 34 37 5 22 4 39 34 38 0 9 16 30 25 14 29 29 13 33 27 31 18 1 12 11 26 15 41 
2 32 21 7 28 19 17 23 35 3 13 10 6 20 36 24 3 4 37 34 5 22 39 4 38 34 0 9 16 30 25 14 33 29 29 13 27 31 18 1 12 11 26 15 8 40 
32 21 7 28 19 17 23 35 10 3 13 6 20 36 24 37 3 4 5 34 22 30 38 4 0 34 9 16 11 25 14 33 27 29 29 13 31 18 1 12 39 26 15 8 2 40 
21 7 28 19 17 23 35 10 6 3 13 20 36 24 37 40 5 4 22 34 30 38 0 4 25 9 16 11 26 14 33 27 31 29 29 13 18 1 12 39 41 15 8 2 32 42 
7 28 19 17 23 35 10 6 3 20 13 36 24 37 30 5 20 4 34 9 38 0 25 4 16 9 11 26 14 33 27 31 18 29 29 13 1 12 2 22 15 8 8 32 21 39 
28 19 17 23 35 10 6 3 34 36 13 24 37 30 5 20 36 4 38 9 0 25 16 4 11 9 26 14 33 27 31 18 1 29 29 13 12 2 22 15 39 8 32 21 7 40 
19 17 23 35 10 6 3 34 24 36 13 37 30 5 20 38 36 4 0 9 25 16 11 4 26 9 14 33 26 31 18 1 12 29 29 13 2 22 15 27 8 32 21 7 28 39 
17 23 35 10 6 3 34 24 37 36 13 30 5 20 38 39 0 4 25 9 16 11 40 4 14 9 33 26 31 18 1 12 2 29 29 13 22 15 27 8 32 21 7 28 19 41 
23 35 10 6 3 34 24 37 36 0 13 5 20 32 18 25 0 4 16 9 11 30 14 4 33 9 26 31 21 1 12 2 22 29 29 13 15 27 8 7 38 39 28 19 17 40 
35 10 6 3 34 24 37 36 5 0 13 20 32 18 25 16 0 4 11 9 30 14 33 4 26 9 31 21 1 12 2 22 15 29 29 13 27 8 7 38 39 28 19 17 23 40 
10 6 3 34 24 37 36 5 20 0 13 32 18 25 16 12 11 4 30 9 14 33 26 4 31 9 21 1 38 2 22 15 27 29 29 13 8 7 40 39 28 19 17 23 35 41 
6 3 34 24 37 36 5 20 0 11 13 18 25 16 12 28 30 4 14 9 33 26 31 4 21 9 1 38 2 22 15 27 8 29 29 13 7 32 17 2 19 2 23 35 10 39 
3 34 24 37 36 5 20 0 11 18 13 25 16 12 28 30 14 4 33 9 26 31 21 4 1 9 38 39 22 15 27 8 7 29 29 13 32 17 40 19 2 23 35 10 6 41 
34 24 37 36 5 20 0 11 18 25 13 16 12 28 30 14 25 4 26 9 31 21 1 4 38 9 2 22 15 27 8 7 32 29 29 13 17 33 19 35 23 39 10 6 3 40 
24 37 36 5 20 0 11 18 27 16 13 12 28 30 14 25 26 4 31 9 21 1 38 4 2 9 22 15 23 8 7 32 17 29 29 13 33 19 35 10 39 10 6 3 34 40 
1 14 5 21 18 0 15 16 10 36 33 30 26 2 28 13 34 7 20 27 12 38 8 7 17 27 37 39 35 25 22 32 3 6 6 33 23 11 31 19 24 9 35 29 4 40 
14 5 21 18 0 15 16 10 36 30 33 26 2 28 13 34 20 7 12 27 38 8 17 7 19 27 37 39 25 22 32 3 23 6 6 33 11 31 40 24 9 35 29 4 1 41 
5 21 18 0 15 16 10 36 30 20 33 2 28 13 34 12 20 7 38 27 8 17 19 7 37 27 9 25 22 32 3 23 11 6 6 33 31 26 24 29 35 39 4 1 14 40 
21 18 0 15 16 10 36 30 2 20 33 28 13 34 12 35 38 7 8 27 17 19 37 7 9 27 25 22 32 3 23 11 31 6 6 33 26 24 29 32 1 4 32 14 5 39 
18 0 15 16 10 36 30 2 20 28 33 13 34 12 35 38 8 7 17 27 19 37 9 7 25 27 22 32 3 23 11 31 26 6 6 33 24 29 1 3 4 3 14 5 21 39 
0 15 16 10 36 30 2 20 28 13 33 34 12 35 17 8 13 7 19 27 37 9 25 7 22 27 32 38 23 11 31 26 24 6 6 33 29 1 39 4 3 14 5 21 18 40 
15 16 10 36 30 2 20 28 34 13 33 12 35 17 8 40 19 7 37 27 9 25 22 7 32 27 38 23 11 31 26 24 29 6 6 33 1 39 4 3 14 5 21 18 0 41 
16 10 36 30 2 20 28 34 13 19 33 35 17 8 12 40 37 7 9 27 25 22 32 7 38 27 23 11 31 26 24 29 1 6 6 33 39 4 3 14 5 21 18 0 15 41 
10 36 30 2 20 28 34 13 19 35 33 17 8 12 40 37 9 7 25 27 22 32 38 7 23 27 11 31 26 24 29 1 39 6 6 33 4 3 14 5 21 18 0 15 16 41 
