   0: -177580.147  -4.829  -4.178  -2.792  -2.792  -4.178    1    4    3    3    4 -177598.915   1.000   0.200   1.000   1.000   1.000   1.000   1.000 
  11: -120515.529 -64.097  -4.178  -2.792  -2.792  -4.178   42    4    3    3    4 -120593.566   1.000   0.200  18.535   1.000   1.000   1.000   1.000 
   0: -177580.147  -4.829  -4.178  -2.792  -2.792  -4.178    1    4    3    3    4 -177598.915    1    4    3    3    4 -177598.915    1    4    3    3    4 -177598.915    1    4    3    3    4 -177598.915   1.000   0.200   1.000   1.000   1.000   1.000   1.000 
   0: -152781.765 -107.717  -4.178  -2.792  -2.792  -4.178   10    4    3    3    4 -152903.422   10    4    3    3    4 -152903.422   10    4    3    3    4 -152903.422   10    4    3    3    4 -152903.422   1.000   0.200   1.000   1.000   1.000   1.000   1.000 
   1: -120518.128 -104.885  -4.178  -2.792  -2.792  -4.178   38    4    3    3    4 -120636.952   41    4    3    3    4 -120636.153   38    4    3    3    4 -120670.458   40    4    3    3    4 -120685.899   1.000   0.200   2.332   1.000   1.000   1.000   1.000 
   2: -120512.888 -74.201  -4.178  -2.792  -2.792  -4.178   41    4    3    3    4 -120601.028   38    4    3    3    4 -120620.284   40    4    3    3    4 -120669.303   42    4    3    3    4 -120657.373   1.000   0.200   8.164   1.000   1.000   1.000   1.000 
   3: -120512.888 -69.885  -4.178  -2.792  -2.792  -4.178   40    4    3    3    4 -120596.713   41    4    3    3    4 -120601.438   40    4    3    3    4 -120632.618   39    4    3    3    4 -120612.905   1.000   0.200  16.543   1.000   1.000   1.000   1.000 
   4: -120515.529 -65.891  -4.178  -2.792  -2.792  -4.178   42    4    3    3    4 -120595.360   41    4    3    3    4 -120598.049   39    4    3    3    4 -120615.657   38    4    3    3    4 -120644.396   1.000   0.200  26.080   1.000   1.000   1.000   1.000 
   5: -120515.529 -66.859  -4.178  -2.792  -2.792  -4.178   42    4    3    3    4 -120596.328   41    4    3    3    4 -120596.639   39    4    3    3    4 -120607.623   39    4    3    3    4 -120625.147   1.000   0.200  28.206   1.000   1.000   1.000   1.000 
   6: -120515.529 -64.354  -4.178  -2.792  -2.792  -4.178   42    4    3    3    4 -120593.823   39    4    3    3    4 -120600.706   38    4    3    3    4 -120604.066   39    4    3    3    4 -120623.804   1.000   0.200  16.156   1.000   1.000   1.000   1.000 
   7: -120512.888 -67.193  -4.178  -2.792  -2.792  -4.178   41    4    3    3    4 -120594.020   41    4    3    3    4 -120595.279   42    4    3    3    4 -120594.686   37    4    3    3    4 -120643.768   1.000   0.200  15.850   1.000   1.000   1.000   1.000 
   8: -120515.529 -67.140  -4.178  -2.792  -2.792  -4.178   41    4    3    3    4 -120596.609   41    4    3    3    4 -120596.524   40    4    3    3    4 -120597.017   39    4    3    3    4 -120604.380   1.000   0.200  16.134   1.000   1.000   1.000   1.000 
   9: -120512.888 -70.224  -4.178  -2.792  -2.792  -4.178   40    4    3    3    4 -120597.052   41    4    3    3    4 -120606.747   40    4    3    3    4 -120604.208   40    4    3    3    4 -120636.407   1.000   0.200  14.587   1.000   1.000   1.000   1.000 
  10: -120512.888 -67.037  -4.178  -2.792  -2.792  -4.178   41    4    3    3    4 -120593.864   40    4    3    3    4 -120603.386   40    4    3    3    4 -120605.912   38    4    3    3    4 -120614.722   1.000   0.200  18.834   1.000   1.000   1.000   1.000 
  11: -120515.529 -64.675  -4.178  -2.792  -2.792  -4.178   42    4    3    3    4 -120594.144   40    4    3    3    4 -120598.721   40    4    3    3    4 -120598.677   40    4    3    3    4 -120609.176   1.000   0.200  22.568   1.000   1.000   1.000   1.000 
  12: -120515.529 -64.750  -4.178  -2.792  -2.792  -4.178   42    4    3    3    4 -120594.219   42    4    3    3    4 -120596.511   37    4    3    3    4 -120628.293   39    4    3    3    4 -120612.536   1.000   0.200  14.865   1.000   1.000   1.000   1.000 
  13: -120515.529 -64.393  -4.178  -2.792  -2.792  -4.178   42    4    3    3    4 -120593.861   41    4    3    3    4 -120610.769   38    4    3    3    4 -120621.527   40    4    3    3    4 -120621.077   1.000   0.200  15.993   1.000   1.000   1.000   1.000 
  14: -120515.529 -67.025  -4.178  -2.792  -2.792  -4.178   41    4    3    3    4 -120596.494   39    4    3    3    4 -120600.738   39    4    3    3    4 -120600.470   38    4    3    3    4 -120628.100   1.000   0.200  17.100   1.000   1.000   1.000   1.000 
  15: -120516.741 -67.710  -4.178  -2.792  -2.792  -4.178   41    4    3    3    4 -120598.391   41    4    3    3    4 -120595.371   40    4    3    3    4 -120597.757   39    4    3    3    4 -120618.523   1.000   0.200  22.298   1.000   1.000   1.000   1.000 
  16: -120515.529 -65.123  -4.178  -2.792  -2.792  -4.178   42    4    3    3    4 -120594.592   41    4    3    3    4 -120593.852   39    4    3    3    4 -120603.033   40    4    3    3    4 -120623.961   1.000   0.200  14.035   1.000   1.000   1.000   1.000 
  17: -120512.888 -71.169  -4.178  -2.792  -2.792  -4.178   40    4    3    3    4 -120597.996   42    4    3    3    4 -120602.440   40    4    3    3    4 -120603.402   42    4    3    3    4 -120610.862   1.000   0.200  23.271   1.000   1.000   1.000   1.000 
  18: -120515.529 -67.069  -4.178  -2.792  -2.792  -4.178   41    4    3    3    4 -120596.538   41    4    3    3    4 -120608.392   40    4    3    3    4 -120609.925   37    4    3    3    4 -120629.506   1.000   0.200  16.627   1.000   1.000   1.000   1.000 
  19: -120515.529 -64.210  -4.178  -2.792  -2.792  -4.178   42    4    3    3    4 -120593.679   40    4    3    3    4 -120596.760   39    4    3    3    4 -120601.251   38    4    3    3    4 -120611.828   1.000   0.200  16.924   1.000   1.000   1.000   1.000 
  20: -120515.529 -67.016  -4.178  -2.792  -2.792  -4.178   41    4    3    3    4 -120596.485   41    4    3    3    4 -120593.826   38    4    3    3    4 -120610.434   40    4    3    3    4 -120624.028   1.000   0.200  18.525   1.000   1.000   1.000   1.000 
  21: -120512.888 -66.999  -4.178  -2.792  -2.792  -4.178   41    4    3    3    4 -120593.826   40    4    3    3    4 -120600.510   41    4    3    3    4 -120599.094   39    4    3    3    4 -120614.741   1.000   0.200  17.765   1.000   1.000   1.000   1.000 
  22: -120515.529 -64.103  -4.178  -2.792  -2.792  -4.178   42    4    3    3    4 -120593.572   40    4    3    3    4 -120600.273   42    4    3    3    4 -120602.371   40    4    3    3    4 -120600.593   1.000   0.200  18.911   1.000   1.000   1.000   1.000 
  23: -120512.888 -67.027  -4.178  -2.792  -2.792  -4.178   41    4    3    3    4 -120593.854   41    4    3    3    4 -120599.757   40    4    3    3    4 -120602.764   39    4    3    3    4 -120613.186   1.000   0.200  17.078   1.000   1.000   1.000   1.000 
   0: -177580.147 -16.264  -5.188  -4.629  -4.629  -5.188    1    4    3    3    4 -177616.044    1    4    3    3    4 -177616.044    1    4    3    3    4 -177616.044    1    4    3    3    4 -177616.044   1.000   0.200   4.000   4.000   4.000   4.000   4.000 
  24: -120515.529 -66.999  -4.178  -2.792  -2.792  -4.178   41    4    3    3    4 -120596.467   41    4    3    3    4 -120602.079   39    4    3    3    4 -120603.752   39    4    3    3    4 -120600.926   1.000   0.200  17.975   1.000   1.000   1.000   1.000 
   0: -177580.147 -16.264  -5.188  -4.629  -4.629  -5.188    1    4    3    3    4 -177616.044    1    4    3    3    4 -177616.044    1    4    3    3    4 -177616.044    1    4    3    3    4 -177616.044   1.000   0.200   4.000   4.000   4.000   4.000   4.000 
   1: -120552.630 -67.625  -5.188  -4.629  -4.629  -5.188   43    4    3    3    4 -120639.889   44    4    3    3    4 -120650.517   43    4    3    3    4 -120664.001   42    4    3    3    4 -120670.977   1.000   0.200   9.330   4.000   4.000   4.000   4.000 
  25: -120512.888 -67.229  -4.178  -2.792  -2.792  -4.178   41    4    3    3    4 -120594.056   38    4    3    3    4 -120605.675   41    4    3    3    4 -120604.416   40    4    3    3    4 -120601.421   1.000   0.200  15.679   1.000   1.000   1.000   1.000 
  26: -120515.529 -64.137  -4.178  -2.792  -2.792  -4.178   42    4    3    3    4 -120593.605   40    4    3    3    4 -120598.260   38    4    3    3    4 -120600.517   41    4    3    3    4 -120601.546   1.000   0.200  19.522   1.000   1.000   1.000   1.000 
  27: -120515.529 -64.868  -4.178  -2.792  -2.792  -4.178   42    4    3    3    4 -120594.337   40    4    3    3    4 -120596.796   43    4    3    3    4 -120601.609   40    4    3    3    4 -120609.520   1.000   0.200  23.251   1.000   1.000   1.000   1.000 
  28: -120512.888 -67.011  -4.178  -2.792  -2.792  -4.178   41    4    3    3    4 -120593.839   40    4    3    3    4 -120597.303   40    4    3    3    4 -120596.699   38    4    3    3    4 -120610.916   1.000   0.200  17.329   1.000   1.000   1.000   1.000 
  29: -120512.888 -67.017  -4.178  -2.792  -2.792  -4.178   41    4    3    3    4 -120593.844   42    4    3    3    4 -120605.413   41    4    3    3    4 -120619.262   40    4    3    3    4 -120598.000   1.000   0.200  17.231   1.000   1.000   1.000   1.000 
  30: -120524.706 -62.924  -4.178  -2.792  -2.792  -4.178   43    4    3    3    4 -120601.570   41    4    3    3    4 -120597.691   41    4    3    3    4 -120613.036   39    4    3    3    4 -120603.816   1.000   0.200  26.826   1.000   1.000   1.000   1.000 
  31: -120512.888 -70.182  -4.178  -2.792  -2.792  -4.178   40    4    3    3    4 -120597.009   38    4    3    3    4 -120602.809   40    4    3    3    4 -120604.205   40    4    3    3    4 -120606.989   1.000   0.200  14.737   1.000   1.000   1.000   1.000 
  32: -120512.888 -67.141  -4.178  -2.792  -2.792  -4.178   41    4    3    3    4 -120593.969   39    4    3    3    4 -120599.866   41    4    3    3    4 -120602.888   38    4    3    3    4 -120611.024   1.000   0.200  16.127   1.000   1.000   1.000   1.000 
  33: -120514.100 -69.865  -4.178  -2.792  -2.792  -4.178   40    4    3    3    4 -120597.904   40    4    3    3    4 -120605.228   40    4    3    3    4 -120609.034   40    4    3    3    4 -120600.786   1.000   0.200  17.057   1.000   1.000   1.000   1.000 
  34: -120515.529 -64.638  -4.178  -2.792  -2.792  -4.178   42    4    3    3    4 -120594.107   40    4    3    3    4 -120598.789   39    4    3    3    4 -120606.973   40    4    3    3    4 -120617.125   1.000   0.200  15.169   1.000   1.000   1.000   1.000 
  35: -120512.888 -67.291  -4.178  -2.792  -2.792  -4.178   41    4    3    3    4 -120594.119   42    4    3    3    4 -120593.702   40    4    3    3    4 -120600.746   38    4    3    3    4 -120616.362   1.000   0.200  15.415   1.000   1.000   1.000   1.000 
  36: -120512.888 -67.221  -4.178  -2.792  -2.792  -4.178   41    4    3    3    4 -120594.049   40    4    3    3    4 -120612.523   39    4    3    3    4 -120599.722   38    4    3    3    4 -120610.409   1.000   0.200  15.713   1.000   1.000   1.000   1.000 
  37: -120515.529 -64.466  -4.178  -2.792  -2.792  -4.178   42    4    3    3    4 -120593.935   39    4    3    3    4 -120600.692   38    4    3    3    4 -120611.373   39    4    3    3    4 -120608.469   1.000   0.200  15.715   1.000   1.000   1.000   1.000 
  38: -120515.529 -70.024  -4.178  -2.792  -2.792  -4.178   40    4    3    3    4 -120599.492   41    4    3    3    4 -120596.971   41    4    3    3    4 -120612.186   39    4    3    3    4 -120618.314   1.000   0.200  22.006   1.000   1.000   1.000   1.000 
  39: -120515.529 -64.123  -4.178  -2.792  -2.792  -4.178   42    4    3    3    4 -120593.591   40    4    3    3    4 -120596.692   38    4    3    3    4 -120609.217   39    4    3    3    4 -120600.580   1.000   0.200  19.325   1.000   1.000   1.000   1.000 
  40: -120512.888 -67.113  -4.178  -2.792  -2.792  -4.178   41    4    3    3    4 -120593.941   39    4    3    3    4 -120616.130   39    4    3    3    4 -120607.300   39    4    3    3    4 -120622.279   1.000   0.200  19.561   1.000   1.000   1.000   1.000 
  41: -120515.529 -67.009  -4.178  -2.792  -2.792  -4.178   41    4    3    3    4 -120596.477   40    4    3    3    4 -120599.358   38    4    3    3    4 -120608.787   40    4    3    3    4 -120633.035   1.000   0.200  18.372   1.000   1.000   1.000   1.000 
  42: -120515.529 -67.291  -4.178  -2.792  -2.792  -4.178   41    4    3    3    4 -120596.759   41    4    3    3    4 -120596.469   40    4    3    3    4 -120608.211   40    4    3    3    4 -120598.876   1.000   0.200  15.417   1.000   1.000   1.000   1.000 
  43: -120515.529 -64.303  -4.178  -2.792  -2.792  -4.178   42    4    3    3    4 -120593.772   40    4    3    3    4 -120596.831   39    4    3    3    4 -120600.788   39    4    3    3    4 -120609.088   1.000   0.200  20.864   1.000   1.000   1.000   1.000 
  44: -120512.888 -67.285  -4.178  -2.792  -2.792  -4.178   41    4    3    3    4 -120594.112   40    4    3    3    4 -120600.031   41    4    3    3    4 -120606.130   39    4    3    3    4 -120617.700   1.000   0.200  20.593   1.000   1.000   1.000   1.000 
  45: -120515.529 -69.467  -4.178  -2.792  -2.792  -4.178   40    4    3    3    4 -120598.935   41    4    3    3    4 -120598.108   40    4    3    3    4 -120598.352   38    4    3    3    4 -120623.007   1.000   0.200  19.935   1.000   1.000   1.000   1.000 
  46: -120515.529 -72.624  -4.178  -2.792  -2.792  -4.178   40    4    3    3    4 -120602.093   41    4    3    3    4 -120599.868   40    4    3    3    4 -120600.027   39    4    3    3    4 -120606.617   1.000   0.200  27.808   1.000   1.000   1.000   1.000 
  47: -120512.888 -67.015  -4.178  -2.792  -2.792  -4.178   41    4    3    3    4 -120593.843   42    4    3    3    4 -120593.780   41    4    3    3    4 -120594.686   40    4    3    3    4 -120607.894   1.000   0.200  18.509   1.000   1.000   1.000   1.000 
  48: -120515.529 -64.148  -4.178  -2.792  -2.792  -4.178   42    4    3    3    4 -120593.617   39    4    3    3    4 -120600.753   41    4    3    3    4 -120601.340   39    4    3    3    4 -120612.801   1.000   0.200  19.664   1.000   1.000   1.000   1.000 
  49: -120515.529 -64.261  -4.178  -2.792  -2.792  -4.178   42    4    3    3    4 -120593.730   40    4    3    3    4 -120600.447   40    4    3    3    4 -120610.427   40    4    3    3    4 -120643.389   1.000   0.200  20.601   1.000   1.000   1.000   1.000 
  50: -120515.529 -64.267  -4.178  -2.792  -2.792  -4.178   42    4    3    3    4 -120593.735   40    4    3    3    4 -120598.953   40    4    3    3    4 -120605.133   40    4    3    3    4 -120602.291   1.000   0.200  20.638   1.000   1.000   1.000   1.000 
