   0: -333.814  -4.850  -4.178  -2.792  -2.792  -5.787    1    4    3    3    5 -354.213    1    4    3    3    5 -354.213    1    4    3    3    5 -354.213    1    4    3    3    5 -354.213   1.000   0.200   1.000   1.000   1.000   1.000   1.000 
   1: -312.901  -8.152  -4.178  -2.792  -2.792  -5.787    2    4    3    3    5 -336.602    3    4    3    3    5 -339.423    5    4    3    3    5 -362.966    4    4    3    3    5 -371.164   1.000   0.200   0.845   1.000   1.000   1.000   1.000 
   2: -312.901  -7.652  -4.178  -2.792  -2.792  -5.787    2    4    3    3    5 -336.101    2    4    3    3    5 -339.737    5    4    3    3    5 -430.329    6    4    3    3    5 -477.665   1.000   0.200   0.693   1.000   1.000   1.000   1.000 
   3: -312.901  -7.718  -4.178  -2.792  -2.792  -5.787    2    4    3    3    5 -336.167    3    4    3    3    5 -341.096    4    4    3    3    5 -400.989    6    4    3    3    5 -426.441   1.000   0.200   0.714   1.000   1.000   1.000   1.000 
   4: -312.901 -11.555  -4.178  -2.792  -2.792  -5.787    3    4    3    3    5 -340.004    4    4    3    3    5 -349.670    5    4    3    3    5 -403.483    7    4    3    3    5 -497.621   1.000   0.200   0.487   1.000   1.000   1.000   1.000 
   5: -311.615 -16.169  -4.178  -2.792  -2.792  -5.787    3    4    3    3    5 -343.334    4    4    3    3    5 -344.477    4    4    3    3    5 -398.882    8    4    3    3    5 -487.320   1.000   0.200   0.132   1.000   1.000   1.000   1.000 
   6: -312.901  -6.503  -4.178  -2.792  -2.792  -5.787    2    4    3    3    5 -334.953    4    4    3    3    5 -343.267    4    4    3    3    5 -394.233    7    4    3    3    5 -478.926   1.000   0.200   0.227   1.000   1.000   1.000   1.000 
   7: -312.901  -6.584  -4.178  -2.792  -2.792  -5.787    2    4    3    3    5 -335.034    4    4    3    3    5 -348.492    4    4    3    3    5 -378.051    7    4    3    3    5 -419.360   1.000   0.200   0.294   1.000   1.000   1.000   1.000 
   8: -312.901  -7.027  -4.178  -2.792  -2.792  -5.787    2    4    3    3    5 -335.477    3    4    3    3    5 -345.618    5    4    3    3    5 -389.150    5    4    3    3    5 -413.490   1.000   0.200   0.486   1.000   1.000   1.000   1.000 
   9: -311.615 -11.597  -4.178  -2.792  -2.792  -5.787    3    4    3    3    5 -338.762    3    4    3    3    5 -343.208    5    4    3    3    5 -380.737    4    4    3    3    5 -407.047   1.000   0.200   0.304   1.000   1.000   1.000   1.000 
  10: -312.901 -10.345  -4.178  -2.792  -2.792  -5.787    2    4    3    3    5 -338.795    3    4    3    3    5 -343.240    4    4    3    3    5 -382.768    4    4    3    3    5 -399.811   1.000   0.200   0.140   1.000   1.000   1.000   1.000 
  11: -312.901  -7.262  -4.178  -2.792  -2.792  -5.787    2    4    3    3    5 -335.711    2    4    3    3    5 -337.134    3    4    3    3    5 -381.556    4    4    3    3    5 -418.107   1.000   0.200   0.040   1.000   1.000   1.000   1.000 
  12: -312.901  -7.109  -4.178  -2.792  -2.792  -5.787    2    4    3    3    5 -335.559    3    4    3    3    5 -341.662    4    4    3    3    5 -376.009    4    4    3    3    5 -443.486   1.000   0.200   0.049   1.000   1.000   1.000   1.000 
  13: -312.901  -7.003  -4.178  -2.792  -2.792  -5.787    2    4    3    3    5 -335.452    4    4    3    3    5 -350.458    4    4    3    3    5 -382.451    5    4    3    3    5 -471.287   1.000   0.200   0.057   1.000   1.000   1.000   1.000 
  14: -312.901  -7.485  -4.178  -2.792  -2.792  -5.787    2    4    3    3    5 -335.934    3    4    3    3    5 -355.349    5    4    3    3    5 -366.204    6    4    3    3    5 -481.285   1.000   0.200   0.030   1.000   1.000   1.000   1.000 
  15: -312.901  -7.910  -4.178  -2.792  -2.792  -5.787    2    4    3    3    5 -336.360    3    4    3    3    5 -341.006    5    4    3    3    5 -390.867    6    4    3    3    5 -504.235   1.000   0.200   0.019   1.000   1.000   1.000   1.000 
  16: -312.901  -7.593  -4.178  -2.792  -2.792  -5.787    2    4    3    3    5 -336.042    4    4    3    3    5 -348.009    5    4    3    3    5 -384.062    8    4    3    3    5 -519.927   1.000   0.200   0.027   1.000   1.000   1.000   1.000 
  17: -312.901  -7.437  -4.178  -2.792  -2.792  -5.787    2    4    3    3    5 -335.886    3    4    3    3    5 -340.069    5    4    3    3    5 -399.877    7    4    3    3    5 -512.528   1.000   0.200   0.032   1.000   1.000   1.000   1.000 
  18: -312.901  -7.686  -4.178  -2.792  -2.792  -5.787    2    4    3    3    5 -336.136    4    4    3    3    5 -352.162    4    4    3    3    5 -374.486    6    4    3    3    5 -460.837   1.000   0.200   0.024   1.000   1.000   1.000   1.000 
  19: -312.901  -8.148  -4.178  -2.792  -2.792  -5.787    2    4    3    3    5 -336.598    2    4    3    3    5 -335.121    6    4    3    3    5 -383.122    5    4    3    3    5 -445.331   1.000   0.200   0.014   1.000   1.000   1.000   1.000 
  20: -312.901  -7.943  -4.178  -2.792  -2.792  -5.787    2    4    3    3    5 -336.392    3    4    3    3    5 -344.026    3    4    3    3    5 -409.052    6    4    3    3    5 -477.554   1.000   0.200   0.018   1.000   1.000   1.000   1.000 
  21: -312.901  -7.452  -4.178  -2.792  -2.792  -5.787    2    4    3    3    5 -335.902    2    4    3    3    5 -338.913    4    4    3    3    5 -420.363    5    4    3    3    5 -459.910   1.000   0.200   0.032   1.000   1.000   1.000   1.000 
  22: -312.901  -7.312  -4.178  -2.792  -2.792  -5.787    2    4    3    3    5 -335.762    2    4    3    3    5 -338.749    5    4    3    3    5 -450.743    7    4    3    3    5 -458.489   1.000   0.200   0.038   1.000   1.000   1.000   1.000 
  23: -312.901  -7.065  -4.178  -2.792  -2.792  -5.787    2    4    3    3    5 -335.515    3    4    3    3    5 -356.779    4    4    3    3    5 -434.629    5    4    3    3    5 -472.097   1.000   0.200   0.052   1.000   1.000   1.000   1.000 
  24: -312.901  -6.845  -4.178  -2.792  -2.792  -5.787    2    4    3    3    5 -335.295    2    4    3    3    5 -342.128    4    4    3    3    5 -414.923    4    4    3    3    5 -442.709   1.000   0.200   0.072   1.000   1.000   1.000   1.000 
  25: -312.901  -6.916  -4.178  -2.792  -2.792  -5.787    2    4    3    3    5 -335.366    2    4    3    3    5 -335.106    6    4    3    3    5 -398.652    4    4    3    3    5 -403.689   1.000   0.200   0.064   1.000   1.000   1.000   1.000 
  26: -312.901  -6.538  -4.178  -2.792  -2.792  -5.787    2    4    3    3    5 -334.988    2    4    3    3    5 -335.551    4    4    3    3    5 -390.430    5    4    3    3    5 -448.089   1.000   0.200   0.140   1.000   1.000   1.000   1.000 
  27: -312.901  -7.191  -4.178  -2.792  -2.792  -5.787    2    4    3    3    5 -335.640    2    4    3    3    5 -335.197    6    4    3    3    5 -421.311    6    4    3    3    5 -459.907   1.000   0.200   0.044   1.000   1.000   1.000   1.000 
  28: -312.901  -6.647  -4.178  -2.792  -2.792  -5.787    2    4    3    3    5 -335.097    2    4    3    3    5 -335.346    7    4    3    3    5 -401.521    6    4    3    3    5 -437.551   1.000   0.200   0.104   1.000   1.000   1.000   1.000 
  29: -312.901  -6.778  -4.178  -2.792  -2.792  -5.787    2    4    3    3    5 -335.228    2    4    3    3    5 -335.255    5    4    3    3    5 -387.918    5    4    3    3    5 -414.452   1.000   0.200   0.081   1.000   1.000   1.000   1.000 
  30: -312.901  -6.616  -4.178  -2.792  -2.792  -5.787    2    4    3    3    5 -335.066    2    4    3    3    5 -335.288    2    4    3    3    5 -353.386    6    4    3    3    5 -444.075   1.000   0.200   0.112   1.000   1.000   1.000   1.000 
  31: -312.901  -6.945  -4.178  -2.792  -2.792  -5.787    2    4    3    3    5 -335.395    2    4    3    3    5 -339.236    2    4    3    3    5 -368.603    4    4    3    3    5 -422.152   1.000   0.200   0.062   1.000   1.000   1.000   1.000 
  32: -312.901  -7.005  -4.178  -2.792  -2.792  -5.787    2    4    3    3    5 -335.454    2    4    3    3    5 -338.786    3    4    3    3    5 -376.525    6    4    3    3    5 -466.462   1.000   0.200   0.057   1.000   1.000   1.000   1.000 
  33: -312.901  -6.901  -4.178  -2.792  -2.792  -5.787    2    4    3    3    5 -335.351    2    4    3    3    5 -335.038    2    4    3    3    5 -371.282    7    4    3    3    5 -470.891   1.000   0.200   0.066   1.000   1.000   1.000   1.000 
  34: -312.901  -7.015  -4.178  -2.792  -2.792  -5.787    2    4    3    3    5 -335.465    4    4    3    3    5 -354.435    5    4    3    3    5 -393.007    6    4    3    3    5 -428.643   1.000   0.200   0.056   1.000   1.000   1.000   1.000 
  35: -312.901  -6.890  -4.178  -2.792  -2.792  -5.787    2    4    3    3    5 -335.339    4    4    3    3    5 -351.596    4    4    3    3    5 -389.812    6    4    3    3    5 -460.978   1.000   0.200   0.067   1.000   1.000   1.000   1.000 
  36: -312.901 -10.568  -4.178  -2.792  -2.792  -5.787    2    4    3    3    5 -339.017    3    4    3    3    5 -340.527    2    4    3    3    5 -366.116    6    4    3    3    5 -490.782   1.000   0.200   0.083   1.000   1.000   1.000   1.000 
  37: -312.901  -6.979  -4.178  -2.792  -2.792  -5.787    2    4    3    3    5 -335.429    3    4    3    3    5 -358.466    4    4    3    3    5 -363.916    6    4    3    3    5 -414.189   1.000   0.200   0.059   1.000   1.000   1.000   1.000 
   0: -1069.661 -137.803  -4.178  -2.792  -2.792  -5.787   47    4    3    3    5 -1223.013   47    4    3    3    5 -1223.013   47    4    3    3    5 -1223.013   47    4    3    3    5 -1223.013   1.000   0.200   1.000   1.000   1.000   1.000   1.000 
   0: -818.077 -110.181  -4.178  -2.792  -2.792  -5.787   10    4    3    3    5 -943.807   10    4    3    3    5 -943.807   10    4    3    3    5 -943.807   10    4    3    3    5 -943.807   1.000   0.200   1.000   1.000   1.000   1.000   1.000 
   1: -399.335 -64.358  -4.178  -2.792  -2.792  -5.787    6    4    3    3    5 -479.243    7    4    3    3    5 -449.689    9    4    3    3    5 -498.515   10    4    3    3    5 -548.632   1.000   0.200   0.920   1.000   1.000   1.000   1.000 
   2: -308.923 -48.439  -4.178  -2.792  -2.792  -5.787    4    4    3    3    5 -372.911    3    4    3    3    5 -391.787    7    4    3    3    5 -449.186    8    4    3    3    5 -510.423   1.000   0.200   1.004   1.000   1.000   1.000   1.000 
   3: -295.476 -39.650  -4.178  -2.792  -2.792  -5.787    3    4    3    3    5 -350.674    4    4    3    3    5 -372.442    6    4    3    3    5 -472.833    5    4    3    3    5 -435.246   1.000   0.200   0.468   1.000   1.000   1.000   1.000 
   4: -299.065 -41.815  -4.178  -2.792  -2.792  -5.787    3    4    3    3    5 -356.429    3    4    3    3    5 -370.590    5    4    3    3    5 -383.777    5    4    3    3    5 -418.550   1.000   0.200   0.634   1.000   1.000   1.000   1.000 
   5: -298.810 -42.120  -4.178  -2.792  -2.792  -5.787    3    4    3    3    5 -356.479    3    4    3    3    5 -360.429    5    4    3    3    5 -387.337    6    4    3    3    5 -407.224   1.000   0.200   0.506   1.000   1.000   1.000   1.000 
   0: -818.077 -110.181  -4.178  -2.792  -2.792  -5.787   10    4    3    3    5 -943.807   10    4    3    3    5 -943.807   10    4    3    3    5 -943.807   10    4    3    3    5 -943.807   1.000   0.200   1.000   1.000   1.000   1.000   1.000 
   0: -333.814  -4.850  -4.178  -2.792  -2.792  -5.787    1    4    3    3    5 -354.213    1    4    3    3    5 -354.213    1    4    3    3    5 -354.213    1    4    3    3    5 -354.213   1.000   0.200   1.000   1.000   1.000   1.000   1.000 
   1: -312.901  -8.152  -4.178  -2.792  -2.792  -5.787    2    4    3    3    5 -336.602    3    4    3    3    5 -339.423    5    4    3    3    5 -362.966    4    4    3    3    5 -371.164   1.000   0.200   0.845   1.000   1.000   1.000   1.000 
   2: -312.901  -7.652  -4.178  -2.792  -2.792  -5.787    2    4    3    3    5 -336.101    2    4    3    3    5 -339.737    5    4    3    3    5 -430.329    6    4    3    3    5 -477.665   1.000   0.200   0.693   1.000   1.000   1.000   1.000 
   3: -312.901  -7.718  -4.178  -2.792  -2.792  -5.787    2    4    3    3    5 -336.167    3    4    3    3    5 -341.096    4    4    3    3    5 -400.989    6    4    3    3    5 -426.441   1.000   0.200   0.714   1.000   1.000   1.000   1.000 
   4: -312.901 -11.555  -4.178  -2.792  -2.792  -5.787    3    4    3    3    5 -340.004    4    4    3    3    5 -349.670    5    4    3    3    5 -403.483    7    4    3    3    5 -497.621   1.000   0.200   0.487   1.000   1.000   1.000   1.000 
   0: -333.814  -9.028  -4.015  -3.099  -3.099  -5.114    1    4    3    3    5 -358.168    1    4    3    3    5 -358.168    1    4    3    3    5 -358.168    1    4    3    3    5 -358.168   1.000   0.200   2.000   2.000   2.000   2.000   2.000 
   1: -312.901  -9.213  -4.015  -3.099  -3.099  -5.114    2    4    3    3    5 -337.439    3    4    3    3    5 -340.558    5    4    3    3    5 -364.184    4    4    3    3    5 -386.097   1.000   0.200   1.154   2.000   2.000   2.000   2.000 
   0: -333.814 -16.347  -5.188  -4.629  -4.629  -5.881    1    4    3    3    5 -370.488    1    4    3    3    5 -370.488    1    4    3    3    5 -370.488    1    4    3    3    5 -370.488   1.000   0.200   4.000   4.000   4.000   4.000   4.000 
   1: -311.615 -15.799  -5.188  -4.629  -4.629  -5.881    3    4    3    3    5 -347.741    3    4    3    3    5 -354.786    5    4    3    3    5 -369.795    5    4    3    3    5 -423.290   1.000   0.200   2.176   4.000   4.000   4.000   4.000 
   0: -333.814 -28.763  -8.659  -8.341  -8.341  -9.065    1    4    3    3    5 -396.983    1    4    3    3    5 -396.983    1    4    3    3    5 -396.983    1    4    3    3    5 -396.983   1.000   0.200   8.000   8.000   8.000   8.000   8.000 
   1: -311.615 -20.378  -8.659  -8.341  -8.341  -9.065    3    4    3    3    5 -366.400    3    4    3    3    5 -381.163    5    4    3    3    5 -386.180    6    4    3    3    5 -439.310   1.000   0.200   3.716   8.000   8.000   8.000   8.000 
   2: -311.615 -28.228  -8.659  -8.341  -8.341  -9.065    4    4    3    3    5 -374.249    3    4    3    3    5 -388.794    5    4    3    3    5 -411.250    7    4    3    3    5 -512.660   1.000   0.200   4.323   8.000   8.000   8.000   8.000 
   3: -312.901 -16.611  -8.659  -8.341  -8.341  -9.065    3    4    3    3    5 -363.917    4    4    3    3    5 -378.139    3    4    3    3    5 -391.806    6    4    3    3    5 -420.016   1.000   0.200   2.448   8.000   8.000   8.000   8.000 
   4: -312.901 -12.183  -8.659  -8.341  -8.341  -9.065    3    4    3    3    5 -359.489    3    4    3    3    5 -373.747    6    4    3    3    5 -400.997    7    4    3    3    5 -486.634   1.000   0.200   0.870   8.000   8.000   8.000   8.000 
   5: -312.901  -8.694  -8.659  -8.341  -8.341  -9.065    2    4    3    3    5 -356.001    4    4    3    3    5 -384.147    4    4    3    3    5 -418.855    5    4    3    3    5 -485.447   1.000   0.200   1.004   8.000   8.000   8.000   8.000 
   6: -312.901  -6.894  -8.659  -8.341  -8.341  -9.065    2    4    3    3    5 -354.201    4    4    3    3    5 -365.761    6    4    3    3    5 -436.363    7    4    3    3    5 -486.247   1.000   0.200   0.437   8.000   8.000   8.000   8.000 
   7: -312.901 -11.204  -8.659  -8.341  -8.341  -9.065    2    4    3    3    5 -358.511    2    4    3    3    5 -354.829    5    4    3    3    5 -461.684    6    4    3    3    5 -465.464   1.000   0.200   0.612   8.000   8.000   8.000   8.000 
   8: -312.901 -11.062  -8.659  -8.341  -8.341  -9.065    2    4    3    3    5 -358.369    3    4    3    3    5 -367.452    5    4    3    3    5 -467.164    7    4    3    3    5 -457.683   1.000   0.200   0.566   8.000   8.000   8.000   8.000 
   9: -312.901  -7.017  -8.659  -8.341  -8.341  -9.065    2    4    3    3    5 -354.324    3    4    3    3    5 -372.025    4    4    3    3    5 -434.818    7    4    3    3    5 -490.857   1.000   0.200   0.483   8.000   8.000   8.000   8.000 
  10: -312.901  -6.886  -8.659  -8.341  -8.341  -9.065    2    4    3    3    5 -354.193    3    4    3    3    5 -362.030    5    4    3    3    5 -435.500    7    4    3    3    5 -518.675   1.000   0.200   0.434   8.000   8.000   8.000   8.000 
  11: -312.901  -7.049  -8.659  -8.341  -8.341  -9.065    2    4    3    3    5 -354.356    4    4    3    3    5 -371.857    4    4    3    3    5 -453.105    7    4    3    3    5 -503.697   1.000   0.200   0.494   8.000   8.000   8.000   8.000 
  12: -312.901  -6.788  -8.659  -8.341  -8.341  -9.065    2    4    3    3    5 -354.094    3    4    3    3    5 -396.781    6    4    3    3    5 -435.746    4    4    3    3    5 -433.568   1.000   0.200   0.394   8.000   8.000   8.000   8.000 
  13: -312.901  -6.542  -8.659  -8.341  -8.341  -9.065    2    4    3    3    5 -353.849    4    4    3    3    5 -399.160    3    4    3    3    5 -379.883    5    4    3    3    5 -449.925   1.000   0.200   0.266   8.000   8.000   8.000   8.000 
  14: -312.901  -6.514  -8.659  -8.341  -8.341  -9.065    2    4    3    3    5 -353.821    3    4    3    3    5 -384.558    3    4    3    3    5 -389.617    4    4    3    3    5 -404.280   1.000   0.200   0.241   8.000   8.000   8.000   8.000 
  15: -312.901  -6.491  -8.659  -8.341  -8.341  -9.065    2    4    3    3    5 -353.798    4    4    3    3    5 -381.682    5    4    3    3    5 -420.231    5    4    3    3    5 -402.916   1.000   0.200   0.195   8.000   8.000   8.000   8.000 
  16: -312.901  -6.514  -8.659  -8.341  -8.341  -9.065    2    4    3    3    5 -353.821    3    4    3    3    5 -380.054    3    4    3    3    5 -405.795    7    4    3    3    5 -454.040   1.000   0.200   0.240   8.000   8.000   8.000   8.000 
  17: -312.901  -6.500  -8.659  -8.341  -8.341  -9.065    2    4    3    3    5 -353.807    3    4    3    3    5 -390.110    3    4    3    3    5 -406.392    5    4    3    3    5 -417.122   1.000   0.200   0.222   8.000   8.000   8.000   8.000 
  18: -312.901  -6.558  -8.659  -8.341  -8.341  -9.065    2    4    3    3    5 -353.865    4    4    3    3    5 -402.333    5    4    3    3    5 -419.276    5    4    3    3    5 -436.745   1.000   0.200   0.131   8.000   8.000   8.000   8.000 
  19: -312.901  -6.587  -8.659  -8.341  -8.341  -9.065    2    4    3    3    5 -353.894    4    4    3    3    5 -385.094    5    4    3    3    5 -444.397    4    4    3    3    5 -444.118   1.000   0.200   0.120   8.000   8.000   8.000   8.000 
  20: -312.901  -6.719  -8.659  -8.341  -8.341  -9.065    2    4    3    3    5 -354.026    4    4    3    3    5 -381.472    6    4    3    3    5 -460.095    6    4    3    3    5 -489.488   1.000   0.200   0.090   8.000   8.000   8.000   8.000 
  21: -312.901 -10.359  -8.659  -8.341  -8.341  -9.065    2    4    3    3    5 -357.666    4    4    3    3    5 -375.786    5    4    3    3    5 -472.435    6    4    3    3    5 -501.428   1.000   0.200   0.133   8.000   8.000   8.000   8.000 
  22: -312.901  -6.511  -8.659  -8.341  -8.341  -9.065    2    4    3    3    5 -353.817    5    4    3    3    5 -380.170    6    4    3    3    5 -480.594    4    4    3    3    5 -470.143   1.000   0.200   0.158   8.000   8.000   8.000   8.000 
  23: -312.901  -6.547  -8.659  -8.341  -8.341  -9.065    2    4    3    3    5 -353.854    4    4    3    3    5 -384.898    5    4    3    3    5 -446.264    6    4    3    3    5 -470.118   1.000   0.200   0.136   8.000   8.000   8.000   8.000 
  24: -312.901  -6.834  -8.659  -8.341  -8.341  -9.065    2    4    3    3    5 -354.141    3    4    3    3    5 -382.552    5    4    3    3    5 -398.306    7    4    3    3    5 -489.702   1.000   0.200   0.073   8.000   8.000   8.000   8.000 
  25: -312.901 -10.669  -8.659  -8.341  -8.341  -9.065    2    4    3    3    5 -357.976    2    4    3    3    5 -376.471    2    4    3    3    5 -385.412    5    4    3    3    5 -481.883   1.000   0.200   0.070   8.000   8.000   8.000   8.000 
  26: -312.901  -6.618  -8.659  -8.341  -8.341  -9.065    2    4    3    3    5 -353.925    2    4    3    3    5 -377.772    5    4    3    3    5 -416.980    7    4    3    3    5 -483.067   1.000   0.200   0.111   8.000   8.000   8.000   8.000 
  27: -312.901  -6.598  -8.659  -8.341  -8.341  -9.065    2    4    3    3    5 -353.905    2    4    3    3    5 -380.481    5    4    3    3    5 -437.596    6    4    3    3    5 -472.052   1.000   0.200   0.117   8.000   8.000   8.000   8.000 
  28: -312.901 -10.689  -8.659  -8.341  -8.341  -9.065    2    4    3    3    5 -357.996    4    4    3    3    5 -405.047    4    4    3    3    5 -422.946    5    4    3    3    5 -423.021   1.000   0.200   0.068   8.000   8.000   8.000   8.000 
  29: -312.901  -7.221  -8.659  -8.341  -8.341  -9.065    2    4    3    3    5 -354.528    5    4    3    3    5 -399.266    3    4    3    3    5 -387.646    6    4    3    3    5 -442.966   1.000   0.200   0.042   8.000   8.000   8.000   8.000 
  30: -313.066 -11.009  -8.659  -8.341  -8.341  -9.065    2    4    3    3    5 -358.481    4    4    3    3    5 -389.117    3    4    3    3    5 -400.965    6    4    3    3    5 -406.031   1.000   0.200   0.043   8.000   8.000   8.000   8.000 
  31: -312.901  -6.926  -8.659  -8.341  -8.341  -9.065    2    4    3    3    5 -354.233    3    4    3    3    5 -378.796    4    4    3    3    5 -385.927    5    4    3    3    5 -443.112   1.000   0.200   0.064   8.000   8.000   8.000   8.000 
  32: -312.901  -7.052  -8.659  -8.341  -8.341  -9.065    2    4    3    3    5 -354.359    3    4    3    3    5 -373.794    5    4    3    3    5 -406.037    5    4    3    3    5 -469.955   1.000   0.200   0.053   8.000   8.000   8.000   8.000 
  33: -312.901  -7.027  -8.659  -8.341  -8.341  -9.065    2    4    3    3    5 -354.334    3    4    3    3    5 -381.941    6    4    3    3    5 -437.486    6    4    3    3    5 -493.356   1.000   0.200   0.055   8.000   8.000   8.000   8.000 
  34: -312.901  -7.125  -8.659  -8.341  -8.341  -9.065    2    4    3    3    5 -354.432    2    4    3    3    5 -372.587    5    4    3    3    5 -437.368    5    4    3    3    5 -468.304   1.000   0.200   0.048   8.000   8.000   8.000   8.000 
  35: -312.901  -6.700  -8.659  -8.341  -8.341  -9.065    2    4    3    3    5 -354.007    2    4    3    3    5 -365.162    5    4    3    3    5 -416.127    4    4    3    3    5 -432.232   1.000   0.200   0.093   8.000   8.000   8.000   8.000 
  36: -312.901  -6.683  -8.659  -8.341  -8.341  -9.065    2    4    3    3    5 -353.990    2    4    3    3    5 -372.971    5    4    3    3    5 -419.916    5    4    3    3    5 -441.298   1.000   0.200   0.096   8.000   8.000   8.000   8.000 
  37: -312.901 -10.379  -8.659  -8.341  -8.341  -9.065    2    4    3    3    5 -357.686    2    4    3    3    5 -367.525    6    4    3    3    5 -442.916    6    4    3    3    5 -452.710   1.000   0.200   0.125   8.000   8.000   8.000   8.000 
  38: -312.901  -6.510  -8.659  -8.341  -8.341  -9.065    2    4    3    3    5 -353.817    2    4    3    3    5 -369.226    4    4    3    3    5 -413.515    6    4    3    3    5 -481.522   1.000   0.200   0.159   8.000   8.000   8.000   8.000 
  39: -312.901  -6.502  -8.659  -8.341  -8.341  -9.065    2    4    3    3    5 -353.809    2    4    3    3    5 -366.650    4    4    3    3    5 -402.014    8    4    3    3    5 -493.057   1.000   0.200   0.225   8.000   8.000   8.000   8.000 
  40: -312.901  -6.499  -8.659  -8.341  -8.341  -9.065    2    4    3    3    5 -353.806    4    4    3    3    5 -382.837    3    4    3    3    5 -385.980    5    4    3    3    5 -455.592   1.000   0.200   0.221   8.000   8.000   8.000   8.000 
  41: -312.901  -6.492  -8.659  -8.341  -8.341  -9.065    2    4    3    3    5 -353.799    4    4    3    3    5 -398.481    5    4    3    3    5 -396.314    7    4    3    3    5 -515.634   1.000   0.200   0.201   8.000   8.000   8.000   8.000 
  42: -312.901  -6.771  -8.659  -8.341  -8.341  -9.065    2    4    3    3    5 -354.077    4    4    3    3    5 -387.831    6    4    3    3    5 -413.831    6    4    3    3    5 -517.866   1.000   0.200   0.387   8.000   8.000   8.000   8.000 
  43: -312.901  -7.024  -8.659  -8.341  -8.341  -9.065    2    4    3    3    5 -354.331    3    4    3    3    5 -392.955    5    4    3    3    5 -391.349    5    4    3    3    5 -493.797   1.000   0.200   0.485   8.000   8.000   8.000   8.000 
  44: -312.901  -6.757  -8.659  -8.341  -8.341  -9.065    2    4    3    3    5 -354.064    5    4    3    3    5 -402.262    6    4    3    3    5 -396.681    5    4    3    3    5 -495.157   1.000   0.200   0.381   8.000   8.000   8.000   8.000 
  45: -312.901  -6.583  -8.659  -8.341  -8.341  -9.065    2    4    3    3    5 -353.890    5    4    3    3    5 -402.181    2    4    3    3    5 -382.545    5    4    3    3    5 -484.978   1.000   0.200   0.294   8.000   8.000   8.000   8.000 
  46: -312.901  -6.494  -8.659  -8.341  -8.341  -9.065    2    4    3    3    5 -353.800    4    4    3    3    5 -384.839    3    4    3    3    5 -389.021    6    4    3    3    5 -541.112   1.000   0.200   0.208   8.000   8.000   8.000   8.000 
  47: -312.901  -6.563  -8.659  -8.341  -8.341  -9.065    2    4    3    3    5 -353.870    3    4    3    3    5 -370.608    3    4    3    3    5 -394.446    8    4    3    3    5 -543.073   1.000   0.200   0.281   8.000   8.000   8.000   8.000 
  48: -312.901  -6.687  -8.659  -8.341  -8.341  -9.065    2    4    3    3    5 -353.994    3    4    3    3    5 -398.767    4    4    3    3    5 -417.719    9    4    3    3    5 -524.193   1.000   0.200   0.349   8.000   8.000   8.000   8.000 
  49: -312.901  -7.597  -8.659  -8.341  -8.341  -9.065    2    4    3    3    5 -354.904    4    4    3    3    5 -386.602    4    4    3    3    5 -421.094    5    4    3    3    5 -476.026   1.000   0.200   0.676   8.000   8.000   8.000   8.000 
  50: -313.066 -10.546  -8.659  -8.341  -8.341  -9.065    2    4    3    3    5 -358.018    4    4    3    3    5 -388.128    5    4    3    3    5 -436.826    4    4    3    3    5 -409.952   1.000   0.200   0.373   8.000   8.000   8.000   8.000 
  51: -312.901  -6.539  -8.659  -8.341  -8.341  -9.065    2    4    3    3    5 -353.845    3    4    3    3    5 -386.504    3    4    3    3    5 -394.453    5    4    3    3    5 -450.094   1.000   0.200   0.263   8.000   8.000   8.000   8.000 
  52: -312.901  -6.662  -8.659  -8.341  -8.341  -9.065    2    4    3    3    5 -353.969    3    4    3    3    5 -382.174    2    4    3    3    5 -393.636    8    4    3    3    5 -484.720   1.000   0.200   0.101   8.000   8.000   8.000   8.000 
  53: -312.901  -6.491  -8.659  -8.341  -8.341  -9.065    2    4    3    3    5 -353.798    3    4    3    3    5 -383.331    2    4    3    3    5 -390.094    5    4    3    3    5 -478.158   1.000   0.200   0.196   8.000   8.000   8.000   8.000 
  54: -312.901  -6.498  -8.659  -8.341  -8.341  -9.065    2    4    3    3    5 -353.805    3    4    3    3    5 -381.722    3    4    3    3    5 -412.203    4    4    3    3    5 -460.895   1.000   0.200   0.172   8.000   8.000   8.000   8.000 
  55: -312.901  -6.692  -8.659  -8.341  -8.341  -9.065    2    4    3    3    5 -353.999    3    4    3    3    5 -382.283    3    4    3    3    5 -419.094    4    4    3    3    5 -466.723   1.000   0.200   0.095   8.000   8.000   8.000   8.000 
  56: -312.901  -6.958  -8.659  -8.341  -8.341  -9.065    2    4    3    3    5 -354.265    3    4    3    3    5 -379.232    4    4    3    3    5 -447.299    4    4    3    3    5 -479.580   1.000   0.200   0.061   8.000   8.000   8.000   8.000 
  57: -312.901  -6.715  -8.659  -8.341  -8.341  -9.065    2    4    3    3    5 -354.022    3    4    3    3    5 -377.522    5    4    3    3    5 -452.759    5    4    3    3    5 -473.731   1.000   0.200   0.090   8.000   8.000   8.000   8.000 
  58: -312.901  -6.716  -8.659  -8.341  -8.341  -9.065    2    4    3    3    5 -354.023    2    4    3    3    5 -386.037    4    4    3    3    5 -438.220    4    4    3    3    5 -491.520   1.000   0.200   0.090   8.000   8.000   8.000   8.000 
  59: -312.901  -6.624  -8.659  -8.341  -8.341  -9.065    2    4    3    3    5 -353.931    2    4    3    3    5 -383.672    4    4    3    3    5 -429.003    4    4    3    3    5 -497.621   1.000   0.200   0.110   8.000   8.000   8.000   8.000 
  60: -312.901  -6.601  -8.659  -8.341  -8.341  -9.065    2    4    3    3    5 -353.908    3    4    3    3    5 -386.290    6    4    3    3    5 -398.597    4    4    3    3    5 -463.474   1.000   0.200   0.116   8.000   8.000   8.000   8.000 
  61: -312.901  -6.670  -8.659  -8.341  -8.341  -9.065    2    4    3    3    5 -353.977    2    4    3    3    5 -375.974    6    4    3    3    5 -416.632    5    4    3    3    5 -483.121   1.000   0.200   0.099   8.000   8.000   8.000   8.000 
  62: -312.901 -10.366  -8.659  -8.341  -8.341  -9.065    2    4    3    3    5 -357.673    2    4    3    3    5 -374.222    4    4    3    3    5 -402.920    5    4    3    3    5 -453.692   1.000   0.200   0.278   8.000   8.000   8.000   8.000 
  63: -312.901  -6.905  -8.659  -8.341  -8.341  -9.065    2    4    3    3    5 -354.212    2    4    3    3    5 -388.712    6    4    3    3    5 -425.228    7    4    3    3    5 -475.087   1.000   0.200   0.441   8.000   8.000   8.000   8.000 
  64: -312.326 -11.777  -8.659  -8.341  -8.341  -9.065    3    4    3    3    5 -358.509    3    4    3    3    5 -388.875    5    4    3    3    5 -399.663    5    4    3    3    5 -436.339   1.000   0.200   0.665   8.000   8.000   8.000   8.000 
  65: -312.901  -7.640  -8.659  -8.341  -8.341  -9.065    2    4    3    3    5 -354.947    3    4    3    3    5 -380.878    4    4    3    3    5 -383.244    5    4    3    3    5 -425.362   1.000   0.200   0.689   8.000   8.000   8.000   8.000 
  66: -312.901  -6.733  -8.659  -8.341  -8.341  -9.065    2    4    3    3    5 -354.039    3    4    3    3    5 -389.682    3    4    3    3    5 -382.824    4    4    3    3    5 -472.723   1.000   0.200   0.370   8.000   8.000   8.000   8.000 
  67: -312.901  -6.546  -8.659  -8.341  -8.341  -9.065    2    4    3    3    5 -353.853    2    4    3    3    5 -378.751    3    4    3    3    5 -403.110    5    4    3    3    5 -505.659   1.000   0.200   0.269   8.000   8.000   8.000   8.000 
  68: -312.901  -7.862  -8.659  -8.341  -8.341  -9.065    2    4    3    3    5 -355.169    2    4    3    3    5 -390.125    3    4    3    3    5 -378.374    4    4    3    3    5 -450.072   1.000   0.200   0.758   8.000   8.000   8.000   8.000 
  69: -312.901  -6.646  -8.659  -8.341  -8.341  -9.065    2    4    3    3    5 -353.953    2    4    3    3    5 -375.451    2    4    3    3    5 -373.569    4    4    3    3    5 -488.282   1.000   0.200   0.329   8.000   8.000   8.000   8.000 
  70: -312.901  -6.496  -8.659  -8.341  -8.341  -9.065    2    4    3    3    5 -353.803    2    4    3    3    5 -372.329    2    4    3    3    5 -374.468    6    4    3    3    5 -498.692   1.000   0.200   0.214   8.000   8.000   8.000   8.000 
  71: -312.901  -6.607  -8.659  -8.341  -8.341  -9.065    2    4    3    3    5 -353.914    3    4    3    3    5 -382.252    2    4    3    3    5 -395.652    4    4    3    3    5 -465.978   1.000   0.200   0.308   8.000   8.000   8.000   8.000 
  72: -312.901  -7.640  -8.659  -8.341  -8.341  -9.065    2    4    3    3    5 -354.947    3    4    3    3    5 -379.601    4    4    3    3    5 -390.131    6    4    3    3    5 -476.915   1.000   0.200   0.689   8.000   8.000   8.000   8.000 
  73: -312.901  -6.967  -8.659  -8.341  -8.341  -9.065    2    4    3    3    5 -354.274    4    4    3    3    5 -385.339    4    4    3    3    5 -408.635    5    4    3    3    5 -478.996   1.000   0.200   0.465   8.000   8.000   8.000   8.000 
  74: -312.901  -6.750  -8.659  -8.341  -8.341  -9.065    2    4    3    3    5 -354.056    4    4    3    3    5 -390.824    3    4    3    3    5 -384.280    5    4    3    3    5 -446.555   1.000   0.200   0.378   8.000   8.000   8.000   8.000 
  75: -312.901 -11.684  -8.659  -8.341  -8.341  -9.065    3    4    3    3    5 -358.991    2    4    3    3    5 -372.917    3    4    3    3    5 -382.586    6    4    3    3    5 -461.397   1.000   0.200   0.262   8.000   8.000   8.000   8.000 
  76: -312.901  -6.492  -8.659  -8.341  -8.341  -9.065    2    4    3    3    5 -353.798    3    4    3    3    5 -374.750    3    4    3    3    5 -393.858    4    4    3    3    5 -496.404   1.000   0.200   0.191   8.000   8.000   8.000   8.000 
  77: -312.901 -10.312  -8.659  -8.341  -8.341  -9.065    2    4    3    3    5 -357.619    2    4    3    3    5 -378.039    2    4    3    3    5 -400.909    5    4    3    3    5 -451.997   1.000   0.200   0.163   8.000   8.000   8.000   8.000 
  78: -312.901  -6.497  -8.659  -8.341  -8.341  -9.065    2    4    3    3    5 -353.804    2    4    3    3    5 -395.135    4    4    3    3    5 -396.681    5    4    3    3    5 -422.584   1.000   0.200   0.174   8.000   8.000   8.000   8.000 
  79: -312.901  -6.625  -8.659  -8.341  -8.341  -9.065    2    4    3    3    5 -353.931    2    4    3    3    5 -367.986    4    4    3    3    5 -393.391    8    4    3    3    5 -515.384   1.000   0.200   0.318   8.000   8.000   8.000   8.000 
  80: -312.901  -6.572  -8.659  -8.341  -8.341  -9.065    2    4    3    3    5 -353.878    3    4    3    3    5 -386.755    4    4    3    3    5 -385.752    6    4    3    3    5 -538.908   1.000   0.200   0.286   8.000   8.000   8.000   8.000 
  81: -312.901  -6.516  -8.659  -8.341  -8.341  -9.065    2    4    3    3    5 -353.822    2    4    3    3    5 -370.915    3    4    3    3    5 -394.508    5    4    3    3    5 -484.703   1.000   0.200   0.154   8.000   8.000   8.000   8.000 
  82: -312.901  -6.686  -8.659  -8.341  -8.341  -9.065    2    4    3    3    5 -353.992    3    4    3    3    5 -384.681    3    4    3    3    5 -403.192    5    4    3    3    5 -443.292   1.000   0.200   0.096   8.000   8.000   8.000   8.000 
  83: -312.901  -6.535  -8.659  -8.341  -8.341  -9.065    2    4    3    3    5 -353.842    2    4    3    3    5 -371.916    5    4    3    3    5 -395.928    6    4    3    3    5 -465.148   1.000   0.200   0.142   8.000   8.000   8.000   8.000 
  84: -312.901  -6.660  -8.659  -8.341  -8.341  -9.065    2    4    3    3    5 -353.966    2    4    3    3    5 -378.291    4    4    3    3    5 -420.643    6    4    3    3    5 -471.352   1.000   0.200   0.101   8.000   8.000   8.000   8.000 
  85: -312.901  -6.600  -8.659  -8.341  -8.341  -9.065    2    4    3    3    5 -353.907    2    4    3    3    5 -386.770    4    4    3    3    5 -406.349    6    4    3    3    5 -467.080   1.000   0.200   0.116   8.000   8.000   8.000   8.000 
  86: -315.954 -10.309  -8.659  -8.341  -8.341  -9.065    2    4    3    3    5 -360.669    3    4    3    3    5 -387.452    4    4    3    3    5 -410.251    7    4    3    3    5 -489.662   1.000   0.200   0.167   8.000   8.000   8.000   8.000 
  87: -312.901  -6.815  -8.659  -8.341  -8.341  -9.065    2    4    3    3    5 -354.122    3    4    3    3    5 -384.009    5    4    3    3    5 -423.771    3    4    3    3    5 -420.212   1.000   0.200   0.076   8.000   8.000   8.000   8.000 
  88: -312.901  -7.022  -8.659  -8.341  -8.341  -9.065    2    4    3    3    5 -354.328    3    4    3    3    5 -384.858    7    4    3    3    5 -426.345    4    4    3    3    5 -440.739   1.000   0.200   0.055   8.000   8.000   8.000   8.000 
  89: -312.901  -7.008  -8.659  -8.341  -8.341  -9.065    2    4    3    3    5 -354.315    3    4    3    3    5 -383.651    4    4    3    3    5 -432.416    4    4    3    3    5 -470.763   1.000   0.200   0.056   8.000   8.000   8.000   8.000 
  90: -312.901  -6.706  -8.659  -8.341  -8.341  -9.065    2    4    3    3    5 -354.013    2    4    3    3    5 -383.282    5    4    3    3    5 -436.015    5    4    3    3    5 -449.263   1.000   0.200   0.092   8.000   8.000   8.000   8.000 
  91: -312.901  -6.689  -8.659  -8.341  -8.341  -9.065    2    4    3    3    5 -353.995    2    4    3    3    5 -383.358    4    4    3    3    5 -426.528    5    4    3    3    5 -445.041   1.000   0.200   0.095   8.000   8.000   8.000   8.000 
  92: -312.901  -6.531  -8.659  -8.341  -8.341  -9.065    2    4    3    3    5 -353.838    2    4    3    3    5 -383.740    6    4    3    3    5 -414.480    6    4    3    3    5 -478.906   1.000   0.200   0.144   8.000   8.000   8.000   8.000 
  93: -312.901  -6.695  -8.659  -8.341  -8.341  -9.065    2    4    3    3    5 -354.002    2    4    3    3    5 -371.884    3    4    3    3    5 -418.845    5    4    3    3    5 -466.856   1.000   0.200   0.094   8.000   8.000   8.000   8.000 
  94: -312.901  -6.568  -8.659  -8.341  -8.341  -9.065    2    4    3    3    5 -353.875    2    4    3    3    5 -382.948    5    4    3    3    5 -422.861    6    4    3    3    5 -489.643   1.000   0.200   0.127   8.000   8.000   8.000   8.000 
  95: -312.901  -6.805  -8.659  -8.341  -8.341  -9.065    2    4    3    3    5 -354.112    2    4    3    3    5 -369.272    4    4    3    3    5 -420.153    7    4    3    3    5 -518.458   1.000   0.200   0.077   8.000   8.000   8.000   8.000 
  96: -312.901  -6.577  -8.659  -8.341  -8.341  -9.065    2    4    3    3    5 -353.884    2    4    3    3    5 -372.268    4    4    3    3    5 -409.041    8    4    3    3    5 -490.509   1.000   0.200   0.124   8.000   8.000   8.000   8.000 
  97: -312.901  -6.778  -8.659  -8.341  -8.341  -9.065    2    4    3    3    5 -354.084    2    4    3    3    5 -364.065    4    4    3    3    5 -404.242    7    4    3    3    5 -530.579   1.000   0.200   0.081   8.000   8.000   8.000   8.000 
  98: -312.901  -6.648  -8.659  -8.341  -8.341  -9.065    2    4    3    3    5 -353.955    2    4    3    3    5 -362.194    5    4    3    3    5 -425.913    7    4    3    3    5 -516.177   1.000   0.200   0.104   8.000   8.000   8.000   8.000 
  99: -312.901  -6.601  -8.659  -8.341  -8.341  -9.065    2    4    3    3    5 -353.907    2    4    3    3    5 -361.497    5    4    3    3    5 -421.464    7    4    3    3    5 -567.036   1.000   0.200   0.304   8.000   8.000   8.000   8.000 
 100: -312.901  -6.600  -8.659  -8.341  -8.341  -9.065    2    4    3    3    5 -353.907    2    4    3    3    5 -364.428    4    4    3    3    5 -398.782    7    4    3    3    5 -513.181   1.000   0.200   0.304   8.000   8.000   8.000   8.000 
 101: -312.901  -6.497  -8.659  -8.341  -8.341  -9.065    2    4    3    3    5 -353.803    2    4    3    3    5 -362.122    4    4    3    3    5 -404.900    8    4    3    3    5 -531.186   1.000   0.200   0.175   8.000   8.000   8.000   8.000 
 102: -312.901  -6.553  -8.659  -8.341  -8.341  -9.065    2    4    3    3    5 -353.860    2    4    3    3    5 -366.666    3    4    3    3    5 -389.850    6    4    3    3    5 -507.087   1.000   0.200   0.133   8.000   8.000   8.000   8.000 
 103: -312.901  -6.611  -8.659  -8.341  -8.341  -9.065    2    4    3    3    5 -353.918    3    4    3    3    5 -372.591    4    4    3    3    5 -412.092    5    4    3    3    5 -479.557   1.000   0.200   0.113   8.000   8.000   8.000   8.000 
 104: -312.901  -7.252  -8.659  -8.341  -8.341  -9.065    2    4    3    3    5 -354.559    2    4    3    3    5 -372.917    5    4    3    3    5 -416.489    5    4    3    3    5 -468.970   1.000   0.200   0.041   8.000   8.000   8.000   8.000 
 105: -312.901  -6.544  -8.659  -8.341  -8.341  -9.065    2    4    3    3    5 -353.850    2    4    3    3    5 -367.815    3    4    3    3    5 -425.506    6    4    3    3    5 -450.217   1.000   0.200   0.137   8.000   8.000   8.000   8.000 
 106: -312.901  -6.626  -8.659  -8.341  -8.341  -9.065    2    4    3    3    5 -353.932    2    4    3    3    5 -372.169    3    4    3    3    5 -421.305    6    4    3    3    5 -467.322   1.000   0.200   0.109   8.000   8.000   8.000   8.000 
 107: -312.901  -6.583  -8.659  -8.341  -8.341  -9.065    2    4    3    3    5 -353.890    2    4    3    3    5 -377.854    2    4    3    3    5 -367.511    5    4    3    3    5 -504.366   1.000   0.200   0.122   8.000   8.000   8.000   8.000 
 108: -312.901  -6.530  -8.659  -8.341  -8.341  -9.065    2    4    3    3    5 -353.837    2    4    3    3    5 -378.185    3    4    3    3    5 -388.804    7    4    3    3    5 -494.236   1.000   0.200   0.144   8.000   8.000   8.000   8.000 
 109: -312.901  -6.513  -8.659  -8.341  -8.341  -9.065    2    4    3    3    5 -353.820    2    4    3    3    5 -377.353    4    4    3    3    5 -386.005    5    4    3    3    5 -484.755   1.000   0.200   0.239   8.000   8.000   8.000   8.000 
 110: -312.901  -6.586  -8.659  -8.341  -8.341  -9.065    2    4    3    3    5 -353.892    2    4    3    3    5 -374.241    7    4    3    3    5 -402.172    6    4    3    3    5 -547.455   1.000   0.200   0.121   8.000   8.000   8.000   8.000 
 111: -312.901  -6.545  -8.659  -8.341  -8.341  -9.065    2    4    3    3    5 -353.851    2    4    3    3    5 -371.734    3    4    3    3    5 -399.188    5    4    3    3    5 -452.529   1.000   0.200   0.267   8.000   8.000   8.000   8.000 
 112: -312.901  -6.546  -8.659  -8.341  -8.341  -9.065    2    4    3    3    5 -353.853    2    4    3    3    5 -381.686    4    4    3    3    5 -421.051    6    4    3    3    5 -472.288   1.000   0.200   0.136   8.000   8.000   8.000   8.000 
 113: -312.901  -6.858  -8.659  -8.341  -8.341  -9.065    2    4    3    3    5 -354.165    3    4    3    3    5 -380.496    5    4    3    3    5 -397.843    4    4    3    3    5 -443.041   1.000   0.200   0.071   8.000   8.000   8.000   8.000 
 114: -312.901  -6.901  -8.659  -8.341  -8.341  -9.065    2    4    3    3    5 -354.208    3    4    3    3    5 -376.828    5    4    3    3    5 -402.157    6    4    3    3    5 -499.368   1.000   0.200   0.066   8.000   8.000   8.000   8.000 
 115: -312.901  -7.088  -8.659  -8.341  -8.341  -9.065    2    4    3    3    5 -354.395    3    4    3    3    5 -374.100    6    4    3    3    5 -409.282    9    4    3    3    5 -501.938   1.000   0.200   0.050   8.000   8.000   8.000   8.000 
 116: -312.901  -7.060  -8.659  -8.341  -8.341  -9.065    2    4    3    3    5 -354.367    3    4    3    3    5 -366.999    6    4    3    3    5 -431.722    9    4    3    3    5 -516.399   1.000   0.200   0.052   8.000   8.000   8.000   8.000 
 117: -312.901  -6.868  -8.659  -8.341  -8.341  -9.065    2    4    3    3    5 -354.175    3    4    3    3    5 -372.044    6    4    3    3    5 -436.775    8    4    3    3    5 -519.108   1.000   0.200   0.069   8.000   8.000   8.000   8.000 
 118: -312.901  -7.469  -8.659  -8.341  -8.341  -9.065    2    4    3    3    5 -354.776    3    4    3    3    5 -376.447    4    4    3    3    5 -413.001    6    4    3    3    5 -483.042   1.000   0.200   0.031   8.000   8.000   8.000   8.000 
 119: -312.901  -7.156  -8.659  -8.341  -8.341  -9.065    2    4    3    3    5 -354.462    3    4    3    3    5 -382.146    5    4    3    3    5 -406.400    5    4    3    3    5 -496.789   1.000   0.200   0.046   8.000   8.000   8.000   8.000 
 120: -312.901  -7.013  -8.659  -8.341  -8.341  -9.065    2    4    3    3    5 -354.320    3    4    3    3    5 -368.905    5    4    3    3    5 -425.458    5    4    3    3    5 -457.794   1.000   0.200   0.056   8.000   8.000   8.000   8.000 
 121: -312.901  -7.345  -8.659  -8.341  -8.341  -9.065    2    4    3    3    5 -354.652    3    4    3    3    5 -365.505    6    4    3    3    5 -413.066    5    4    3    3    5 -510.909   1.000   0.200   0.036   8.000   8.000   8.000   8.000 
 122: -312.901  -7.423  -8.659  -8.341  -8.341  -9.065    2    4    3    3    5 -354.730    3    4    3    3    5 -367.909    2    4    3    3    5 -391.434    6    4    3    3    5 -487.433   1.000   0.200   0.033   8.000   8.000   8.000   8.000 
 123: -312.901 -10.984  -8.659  -8.341  -8.341  -9.065    2    4    3    3    5 -358.291    2    4    3    3    5 -360.695    6    4    3    3    5 -416.266    5    4    3    3    5 -490.558   1.000   0.200   0.045   8.000   8.000   8.000   8.000 
 124: -312.901  -6.996  -8.659  -8.341  -8.341  -9.065    2    4    3    3    5 -354.303    2    4    3    3    5 -373.992    5    4    3    3    5 -424.075    6    4    3    3    5 -501.784   1.000   0.200   0.057   8.000   8.000   8.000   8.000 
 125: -312.901  -6.914  -8.659  -8.341  -8.341  -9.065    2    4    3    3    5 -354.221    2    4    3    3    5 -379.217    5    4    3    3    5 -479.636    4    4    3    3    5 -468.275   1.000   0.200   0.065   8.000   8.000   8.000   8.000 
 126: -312.901  -7.161  -8.659  -8.341  -8.341  -9.065    2    4    3    3    5 -354.468    2    4    3    3    5 -382.313    6    4    3    3    5 -478.275    5    4    3    3    5 -468.221   1.000   0.200   0.046   8.000   8.000   8.000   8.000 
 127: -312.901  -7.314  -8.659  -8.341  -8.341  -9.065    2    4    3    3    5 -354.621    2    4    3    3    5 -383.327    7    4    3    3    5 -437.117    7    4    3    3    5 -481.516   1.000   0.200   0.038   8.000   8.000   8.000   8.000 
 128: -312.901 -11.985  -8.659  -8.341  -8.341  -9.065    2    4    3    3    5 -359.292    2    4    3    3    5 -384.650    8    4    3    3    5 -432.038    8    4    3    3    5 -530.164   1.000   0.200   0.014   8.000   8.000   8.000   8.000 
 129: -312.901  -8.777  -8.659  -8.341  -8.341  -9.065    2    4    3    3    5 -356.084    4    4    3    3    5 -391.604    6    4    3    3    5 -427.493    9    4    3    3    5 -485.179   1.000   0.200   0.007   8.000   8.000   8.000   8.000 
 130: -312.901  -8.949  -8.659  -8.341  -8.341  -9.065    2    4    3    3    5 -356.255    3    4    3    3    5 -381.986    6    4    3    3    5 -408.912    7    4    3    3    5 -491.621   1.000   0.200   0.006   8.000   8.000   8.000   8.000 
 131: -312.901  -8.159  -8.659  -8.341  -8.341  -9.065    2    4    3    3    5 -355.466    4    4    3    3    5 -395.659    4    4    3    3    5 -403.286    8    4    3    3    5 -530.451   1.000   0.200   0.014   8.000   8.000   8.000   8.000 
 132: -312.901  -7.644  -8.659  -8.341  -8.341  -9.065    2    4    3    3    5 -354.951    3    4    3    3    5 -378.021    3    4    3    3    5 -405.435    6    4    3    3    5 -534.392   1.000   0.200   0.025   8.000   8.000   8.000   8.000 
 133: -312.901  -7.672  -8.659  -8.341  -8.341  -9.065    2    4    3    3    5 -354.979    3    4    3    3    5 -382.583    3    4    3    3    5 -415.903    7    4    3    3    5 -503.349   1.000   0.200   0.024   8.000   8.000   8.000   8.000 
 134: -312.901 -10.644  -8.659  -8.341  -8.341  -9.065    2    4    3    3    5 -357.951    3    4    3    3    5 -384.865    3    4    3    3    5 -399.762    6    4    3    3    5 -493.292   1.000   0.200   0.073   8.000   8.000   8.000   8.000 
 135: -312.901  -7.024  -8.659  -8.341  -8.341  -9.065    2    4    3    3    5 -354.331    3    4    3    3    5 -384.244    4    4    3    3    5 -397.951    6    4    3    3    5 -489.768   1.000   0.200   0.055   8.000   8.000   8.000   8.000 
 136: -312.901  -6.756  -8.659  -8.341  -8.341  -9.065    2    4    3    3    5 -354.063    3    4    3    3    5 -382.597    6    4    3    3    5 -403.843    6    4    3    3    5 -472.120   1.000   0.200   0.084   8.000   8.000   8.000   8.000 
 137: -312.901  -6.990  -8.659  -8.341  -8.341  -9.065    2    4    3    3    5 -354.297    3    4    3    3    5 -387.721    6    4    3    3    5 -492.496    8    4    3    3    5 -473.669   1.000   0.200   0.058   8.000   8.000   8.000   8.000 
 138: -312.901  -6.719  -8.659  -8.341  -8.341  -9.065    2    4    3    3    5 -354.026    3    4    3    3    5 -375.764    7    4    3    3    5 -442.738    8    4    3    3    5 -503.741   1.000   0.200   0.090   8.000   8.000   8.000   8.000 
 139: -312.901  -6.648  -8.659  -8.341  -8.341  -9.065    2    4    3    3    5 -353.955    4    4    3    3    5 -385.783    6    4    3    3    5 -426.089    8    4    3    3    5 -573.715   1.000   0.200   0.104   8.000   8.000   8.000   8.000 
 140: -312.901  -6.510  -8.659  -8.341  -8.341  -9.065    2    4    3    3    5 -353.817    3    4    3    3    5 -382.559    6    4    3    3    5 -415.903    7    4    3    3    5 -507.886   1.000   0.200   0.159   8.000   8.000   8.000   8.000 
 141: -312.901  -6.653  -8.659  -8.341  -8.341  -9.065    2    4    3    3    5 -353.960    3    4    3    3    5 -387.086    6    4    3    3    5 -428.415    5    4    3    3    5 -469.752   1.000   0.200   0.333   8.000   8.000   8.000   8.000 
 142: -314.278 -12.146  -8.659  -8.341  -8.341  -9.065    3    4    3    3    5 -360.830    3    4    3    3    5 -390.431    5    4    3    3    5 -399.479    5    4    3    3    5 -489.266   1.000   0.200   0.160   8.000   8.000   8.000   8.000 
 143: -312.901  -6.540  -8.659  -8.341  -8.341  -9.065    2    4    3    3    5 -353.847    4    4    3    3    5 -387.202    4    4    3    3    5 -415.672    5    4    3    3    5 -472.667   1.000   0.200   0.139   8.000   8.000   8.000   8.000 
 144: -312.901 -12.253  -8.659  -8.341  -8.341  -9.065    3    4    3    3    5 -359.560    3    4    3    3    5 -381.531    5    4    3    3    5 -438.198    7    4    3    3    5 -506.402   1.000   0.200   0.147   8.000   8.000   8.000   8.000 
 145: -312.901  -6.654  -8.659  -8.341  -8.341  -9.065    2    4    3    3    5 -353.961    3    4    3    3    5 -376.185    5    4    3    3    5 -442.360    8    4    3    3    5 -505.489   1.000   0.200   0.102   8.000   8.000   8.000   8.000 
 146: -312.901  -6.637  -8.659  -8.341  -8.341  -9.065    2    4    3    3    5 -353.944    2    4    3    3    5 -373.329    3    4    3    3    5 -391.812    8    4    3    3    5 -490.851   1.000   0.200   0.106   8.000   8.000   8.000   8.000 
 147: -312.901  -6.952  -8.659  -8.341  -8.341  -9.065    2    4    3    3    5 -354.259    2    4    3    3    5 -379.036    3    4    3    3    5 -387.088    6    4    3    3    5 -474.198   1.000   0.200   0.061   8.000   8.000   8.000   8.000 
 148: -312.901  -6.745  -8.659  -8.341  -8.341  -9.065    2    4    3    3    5 -354.051    2    4    3    3    5 -393.296    5    4    3    3    5 -391.421    6    4    3    3    5 -485.520   1.000   0.200   0.086   8.000   8.000   8.000   8.000 
 149: -312.901  -6.643  -8.659  -8.341  -8.341  -9.065    2    4    3    3    5 -353.950    2    4    3    3    5 -381.386    4    4    3    3    5 -410.813    4    4    3    3    5 -440.755   1.000   0.200   0.105   8.000   8.000   8.000   8.000 
 150: -312.901  -6.531  -8.659  -8.341  -8.341  -9.065    2    4    3    3    5 -353.838    2    4    3    3    5 -367.708    5    4    3    3    5 -424.143    5    4    3    3    5 -445.694   1.000   0.200   0.144   8.000   8.000   8.000   8.000 
 151: -312.901 -10.519  -8.659  -8.341  -8.341  -9.065    2    4    3    3    5 -357.826    2    4    3    3    5 -374.432    7    4    3    3    5 -467.313    7    4    3    3    5 -468.806   1.000   0.200   0.091   8.000   8.000   8.000   8.000 
 152: -313.066 -10.580  -8.659  -8.341  -8.341  -9.065    2    4    3    3    5 -358.053    2    4    3    3    5 -369.754    4    4    3    3    5 -395.715    7    4    3    3    5 -517.569   1.000   0.200   0.081   8.000   8.000   8.000   8.000 
 153: -312.901  -6.641  -8.659  -8.341  -8.341  -9.065    2    4    3    3    5 -353.948    3    4    3    3    5 -379.978    4    4    3    3    5 -387.608    6    4    3    3    5 -497.816   1.000   0.200   0.105   8.000   8.000   8.000   8.000 
 154: -312.901  -6.869  -8.659  -8.341  -8.341  -9.065    2    4    3    3    5 -354.176    2    4    3    3    5 -364.065    4    4    3    3    5 -408.289    5    4    3    3    5 -492.766   1.000   0.200   0.069   8.000   8.000   8.000   8.000 
 155: -312.901  -6.865  -8.659  -8.341  -8.341  -9.065    2    4    3    3    5 -354.172    2    4    3    3    5 -361.529    4    4    3    3    5 -404.100    6    4    3    3    5 -485.050   1.000   0.200   0.070   8.000   8.000   8.000   8.000 
 156: -312.326 -13.243  -8.659  -8.341  -8.341  -9.065    3    4    3    3    5 -359.975    2    4    3    3    5 -370.106    5    4    3    3    5 -404.027    7    4    3    3    5 -494.124   1.000   0.200   0.074   8.000   8.000   8.000   8.000 
 157: -312.901  -6.757  -8.659  -8.341  -8.341  -9.065    2    4    3    3    5 -354.064    2    4    3    3    5 -373.704    4    4    3    3    5 -402.986    8    4    3    3    5 -552.186   1.000   0.200   0.084   8.000   8.000   8.000   8.000 
 158: -312.901  -6.546  -8.659  -8.341  -8.341  -9.065    2    4    3    3    5 -353.852    2    4    3    3    5 -379.049    6    4    3    3    5 -392.223    9    4    3    3    5 -570.115   1.000   0.200   0.136   8.000   8.000   8.000   8.000 
 159: -312.901 -10.368  -8.659  -8.341  -8.341  -9.065    2    4    3    3    5 -357.675    2    4    3    3    5 -379.032    4    4    3    3    5 -410.723    6    4    3    3    5 -535.473   1.000   0.200   0.129   8.000   8.000   8.000   8.000 
 160: -312.901  -6.777  -8.659  -8.341  -8.341  -9.065    2    4    3    3    5 -354.084    3    4    3    3    5 -384.248    4    4    3    3    5 -404.366    8    4    3    3    5 -519.803   1.000   0.200   0.081   8.000   8.000   8.000   8.000 
 161: -312.901  -6.741  -8.659  -8.341  -8.341  -9.065    2    4    3    3    5 -354.048    2    4    3    3    5 -377.144    4    4    3    3    5 -401.448    9    4    3    3    5 -558.832   1.000   0.200   0.086   8.000   8.000   8.000   8.000 
 162: -312.901  -6.632  -8.659  -8.341  -8.341  -9.065    2    4    3    3    5 -353.938    2    4    3    3    5 -381.448    5    4    3    3    5 -413.136    9    4    3    3    5 -576.009   1.000   0.200   0.108   8.000   8.000   8.000   8.000 
 163: -312.901  -6.569  -8.659  -8.341  -8.341  -9.065    2    4    3    3    5 -353.876    2    4    3    3    5 -376.520    8    4    3    3    5 -425.021    6    4    3    3    5 -519.703   1.000   0.200   0.126   8.000   8.000   8.000   8.000 
 164: -312.901  -6.562  -8.659  -8.341  -8.341  -9.065    2    4    3    3    5 -353.869    2    4    3    3    5 -371.086    4    4    3    3    5 -400.058    5    4    3    3    5 -499.438   1.000   0.200   0.129   8.000   8.000   8.000   8.000 
 165: -312.901  -6.578  -8.659  -8.341  -8.341  -9.065    2    4    3    3    5 -353.885    2    4    3    3    5 -382.926    5    4    3    3    5 -417.997    7    4    3    3    5 -496.576   1.000   0.200   0.123   8.000   8.000   8.000   8.000 
 166: -312.901  -6.531  -8.659  -8.341  -8.341  -9.065    2    4    3    3    5 -353.838    2    4    3    3    5 -377.462    4    4    3    3    5 -401.392    5    4    3    3    5 -462.289   1.000   0.200   0.144   8.000   8.000   8.000   8.000 
 167: -312.901  -6.591  -8.659  -8.341  -8.341  -9.065    2    4    3    3    5 -353.898    3    4    3    3    5 -376.011    5    4    3    3    5 -408.970    4    4    3    3    5 -434.577   1.000   0.200   0.299   8.000   8.000   8.000   8.000 
 168: -312.901  -6.491  -8.659  -8.341  -8.341  -9.065    2    4    3    3    5 -353.798    2    4    3    3    5 -360.073    5    4    3    3    5 -405.752    6    4    3    3    5 -439.575   1.000   0.200   0.196   8.000   8.000   8.000   8.000 
 169: -312.901  -6.556  -8.659  -8.341  -8.341  -9.065    2    4    3    3    5 -353.863    2    4    3    3    5 -360.772    5    4    3    3    5 -406.052    6    4    3    3    5 -471.186   1.000   0.200   0.276   8.000   8.000   8.000   8.000 
 170: -312.901  -7.442  -8.659  -8.341  -8.341  -9.065    2    4    3    3    5 -354.748    2    4    3    3    5 -359.654    5    4    3    3    5 -422.917    7    4    3    3    5 -496.433   1.000   0.200   0.627   8.000   8.000   8.000   8.000 
 171: -312.901  -6.668  -8.659  -8.341  -8.341  -9.065    2    4    3    3    5 -353.975    2    4    3    3    5 -356.612    6    4    3    3    5 -439.125    5    4    3    3    5 -430.137   1.000   0.200   0.340   8.000   8.000   8.000   8.000 
 172: -312.901  -6.511  -8.659  -8.341  -8.341  -9.065    2    4    3    3    5 -353.818    3    4    3    3    5 -376.877    3    4    3    3    5 -397.437    7    4    3    3    5 -461.769   1.000   0.200   0.237   8.000   8.000   8.000   8.000 
 173: -312.901  -6.678  -8.659  -8.341  -8.341  -9.065    2    4    3    3    5 -353.985    3    4    3    3    5 -379.689    3    4    3    3    5 -400.130    5    4    3    3    5 -470.160   1.000   0.200   0.097   8.000   8.000   8.000   8.000 
 174: -312.901  -6.851  -8.659  -8.341  -8.341  -9.065    2    4    3    3    5 -354.158    3    4    3    3    5 -375.220    4    4    3    3    5 -398.551    6    4    3    3    5 -468.318   1.000   0.200   0.071   8.000   8.000   8.000   8.000 
 175: -312.901  -6.748  -8.659  -8.341  -8.341  -9.065    2    4    3    3    5 -354.055    3    4    3    3    5 -377.658    4    4    3    3    5 -395.154    5    4    3    3    5 -432.580   1.000   0.200   0.085   8.000   8.000   8.000   8.000 
 176: -312.901  -7.066  -8.659  -8.341  -8.341  -9.065    2    4    3    3    5 -354.373    3    4    3    3    5 -366.048    4    4    3    3    5 -410.994    5    4    3    3    5 -457.988   1.000   0.200   0.052   8.000   8.000   8.000   8.000 
 177: -312.901  -7.759  -8.659  -8.341  -8.341  -9.065    2    4    3    3    5 -355.066    3    4    3    3    5 -373.272    3    4    3    3    5 -390.532    5    4    3    3    5 -442.288   1.000   0.200   0.022   8.000   8.000   8.000   8.000 
 178: -312.901  -8.529  -8.659  -8.341  -8.341  -9.065    2    4    3    3    5 -355.836    3    4    3    3    5 -370.838    3    4    3    3    5 -394.570    5    4    3    3    5 -444.568   1.000   0.200   0.010   8.000   8.000   8.000   8.000 
 179: -312.901  -7.634  -8.659  -8.341  -8.341  -9.065    2    4    3    3    5 -354.941    4    4    3    3    5 -383.137    3    4    3    3    5 -423.536    6    4    3    3    5 -420.642   1.000   0.200   0.026   8.000   8.000   8.000   8.000 
 180: -312.901  -7.468  -8.659  -8.341  -8.341  -9.065    2    4    3    3    5 -354.774    3    4    3    3    5 -384.539    3    4    3    3    5 -402.547    6    4    3    3    5 -452.339   1.000   0.200   0.031   8.000   8.000   8.000   8.000 
 181: -312.901  -7.999  -8.659  -8.341  -8.341  -9.065    2    4    3    3    5 -355.306    2    4    3    3    5 -385.872    3    4    3    3    5 -401.204    5    4    3    3    5 -477.619   1.000   0.200   0.017   8.000   8.000   8.000   8.000 
 182: -312.901  -8.174  -8.659  -8.341  -8.341  -9.065    2    4    3    3    5 -355.481    3    4    3    3    5 -384.643    4    4    3    3    5 -404.566    4    4    3    3    5 -485.154   1.000   0.200   0.014   8.000   8.000   8.000   8.000 
 183: -312.901  -8.000  -8.659  -8.341  -8.341  -9.065    2    4    3    3    5 -355.307    3    4    3    3    5 -382.214    3    4    3    3    5 -399.896    3    4    3    3    5 -446.045   1.000   0.200   0.017   8.000   8.000   8.000   8.000 
 184: -312.901 -10.962  -8.659  -8.341  -8.341  -9.065    2    4    3    3    5 -358.269    3    4    3    3    5 -375.107    3    4    3    3    5 -392.397    3    4    3    3    5 -432.848   1.000   0.200   0.046   8.000   8.000   8.000   8.000 
 185: -312.901  -6.731  -8.659  -8.341  -8.341  -9.065    2    4    3    3    5 -354.038    2    4    3    3    5 -390.042    2    4    3    3    5 -378.904    4    4    3    3    5 -418.693   1.000   0.200   0.088   8.000   8.000   8.000   8.000 
 186: -312.901  -6.580  -8.659  -8.341  -8.341  -9.065    2    4    3    3    5 -353.887    2    4    3    3    5 -374.862    2    4    3    3    5 -381.565    5    4    3    3    5 -462.171   1.000   0.200   0.123   8.000   8.000   8.000   8.000 
 187: -312.901  -6.642  -8.659  -8.341  -8.341  -9.065    2    4    3    3    5 -353.949    2    4    3    3    5 -373.679    2    4    3    3    5 -381.354    6    4    3    3    5 -426.966   1.000   0.200   0.105   8.000   8.000   8.000   8.000 
 188: -312.901  -6.506  -8.659  -8.341  -8.341  -9.065    2    4    3    3    5 -353.812    2    4    3    3    5 -372.912    3    4    3    3    5 -388.639    5    4    3    3    5 -453.049   1.000   0.200   0.230   8.000   8.000   8.000   8.000 
 189: -312.901  -6.674  -8.659  -8.341  -8.341  -9.065    2    4    3    3    5 -353.980    2    4    3    3    5 -370.067    2    4    3    3    5 -382.496    4    4    3    3    5 -455.321   1.000   0.200   0.343   8.000   8.000   8.000   8.000 
 190: -312.901  -7.285  -8.659  -8.341  -8.341  -9.065    2    4    3    3    5 -354.591    2    4    3    3    5 -357.801    2    4    3    3    5 -378.846    3    4    3    3    5 -410.155   1.000   0.200   0.575   8.000   8.000   8.000   8.000 
 191: -312.901  -6.496  -8.659  -8.341  -8.341  -9.065    2    4    3    3    5 -353.803    2    4    3    3    5 -370.219    3    4    3    3    5 -379.901    4    4    3    3    5 -446.852   1.000   0.200   0.215   8.000   8.000   8.000   8.000 
 192: -312.901  -7.474  -8.659  -8.341  -8.341  -9.065    2    4    3    3    5 -354.781    2    4    3    3    5 -365.049    4    4    3    3    5 -395.140    4    4    3    3    5 -421.588   1.000   0.200   0.637   8.000   8.000   8.000   8.000 
 193: -311.615 -11.526  -8.659  -8.341  -8.341  -9.065    3    4    3    3    5 -357.547    3    4    3    3    5 -375.681    4    4    3    3    5 -393.090    4    4    3    3    5 -457.957   1.000   0.200   0.393   8.000   8.000   8.000   8.000 
 194: -312.326 -15.488  -8.659  -8.341  -8.341  -9.065    3    4    3    3    5 -362.220    2    4    3    3    5 -382.701    4    4    3    3    5 -395.525    4    4    3    3    5 -482.454   1.000   0.200   0.254   8.000   8.000   8.000   8.000 
 195: -313.066 -10.366  -8.659  -8.341  -8.341  -9.065    2    4    3    3    5 -357.838    3    4    3    3    5 -385.163    3    4    3    3    5 -395.835    5    4    3    3    5 -487.458   1.000   0.200   0.130   8.000   8.000   8.000   8.000 
 196: -312.901  -6.560  -8.659  -8.341  -8.341  -9.065    2    4    3    3    5 -353.867    2    4    3    3    5 -378.889    3    4    3    3    5 -410.635    5    4    3    3    5 -466.391   1.000   0.200   0.130   8.000   8.000   8.000   8.000 
 197: -312.901  -6.491  -8.659  -8.341  -8.341  -9.065    2    4    3    3    5 -353.798    3    4    3    3    5 -375.637    5    4    3    3    5 -425.821    4    4    3    3    5 -448.397   1.000   0.200   0.195   8.000   8.000   8.000   8.000 
 198: -312.901  -6.547  -8.659  -8.341  -8.341  -9.065    2    4    3    3    5 -353.853    3    4    3    3    5 -382.760    5    4    3    3    5 -425.732    5    4    3    3    5 -463.594   1.000   0.200   0.269   8.000   8.000   8.000   8.000 
 199: -312.901 -10.305  -8.659  -8.341  -8.341  -9.065    2    4    3    3    5 -357.612    3    4    3    3    5 -395.713    4    4    3    3    5 -384.230    3    4    3    3    5 -443.513   1.000   0.200   0.220   8.000   8.000   8.000   8.000 
 200: -312.901  -6.495  -8.659  -8.341  -8.341  -9.065    2    4    3    3    5 -353.802    3    4    3    3    5 -382.924    3    4    3    3    5 -402.933    5    4    3    3    5 -476.927   1.000   0.200   0.178   8.000   8.000   8.000   8.000 
 201: -312.901  -6.510  -8.659  -8.341  -8.341  -9.065    2    4    3    3    5 -353.817    3    4    3    3    5 -378.272    4    4    3    3    5 -413.294    5    4    3    3    5 -441.816   1.000   0.200   0.236   8.000   8.000   8.000   8.000 
 202: -312.901  -6.518  -8.659  -8.341  -8.341  -9.065    2    4    3    3    5 -353.825    3    4    3    3    5 -380.426    6    4    3    3    5 -462.466    6    4    3    3    5 -470.899   1.000   0.200   0.152   8.000   8.000   8.000   8.000 
 203: -312.901  -6.678  -8.659  -8.341  -8.341  -9.065    2    4    3    3    5 -353.985    3    4    3    3    5 -381.623    4    4    3    3    5 -392.254    7    4    3    3    5 -511.256   1.000   0.200   0.097   8.000   8.000   8.000   8.000 
 204: -312.901  -6.806  -8.659  -8.341  -8.341  -9.065    2    4    3    3    5 -354.113    3    4    3    3    5 -383.249    4    4    3    3    5 -402.685    6    4    3    3    5 -478.094   1.000   0.200   0.077   8.000   8.000   8.000   8.000 
 205: -312.901  -6.696  -8.659  -8.341  -8.341  -9.065    2    4    3    3    5 -354.002    4    4    3    3    5 -384.194    5    4    3    3    5 -412.857    5    4    3    3    5 -452.977   1.000   0.200   0.094   8.000   8.000   8.000   8.000 
 206: -312.901  -6.499  -8.659  -8.341  -8.341  -9.065    2    4    3    3    5 -353.806    4    4    3    3    5 -391.706    4    4    3    3    5 -401.235    3    4    3    3    5 -425.386   1.000   0.200   0.172   8.000   8.000   8.000   8.000 
 207: -312.901  -6.565  -8.659  -8.341  -8.341  -9.065    2    4    3    3    5 -353.872    4    4    3    3    5 -390.253    3    4    3    3    5 -389.583    4    4    3    3    5 -445.583   1.000   0.200   0.128   8.000   8.000   8.000   8.000 
 208: -312.901  -7.131  -8.659  -8.341  -8.341  -9.065    2    4    3    3    5 -354.438    4    4    3    3    5 -385.845    6    4    3    3    5 -436.882    4    4    3    3    5 -457.236   1.000   0.200   0.048   8.000   8.000   8.000   8.000 
 209: -312.901  -6.848  -8.659  -8.341  -8.341  -9.065    2    4    3    3    5 -354.155    2    4    3    3    5 -390.018    6    4    3    3    5 -426.697    3    4    3    3    5 -405.020   1.000   0.200   0.072   8.000   8.000   8.000   8.000 
 210: -312.901  -6.918  -8.659  -8.341  -8.341  -9.065    2    4    3    3    5 -354.225    2    4    3    3    5 -376.499    5    4    3    3    5 -416.206    3    4    3    3    5 -405.381   1.000   0.200   0.064   8.000   8.000   8.000   8.000 
 211: -312.901  -7.098  -8.659  -8.341  -8.341  -9.065    2    4    3    3    5 -354.405    3    4    3    3    5 -380.039    6    4    3    3    5 -422.478    2    4    3    3    5 -383.098   1.000   0.200   0.050   8.000   8.000   8.000   8.000 
 212: -312.901  -7.750  -8.659  -8.341  -8.341  -9.065    2    4    3    3    5 -355.057    2    4    3    3    5 -380.484    4    4    3    3    5 -408.929    4    4    3    3    5 -405.016   1.000   0.200   0.022   8.000   8.000   8.000   8.000 
 213: -312.901  -7.455  -8.659  -8.341  -8.341  -9.065    2    4    3    3    5 -354.762    2    4    3    3    5 -381.319    4    4    3    3    5 -415.478    5    4    3    3    5 -421.932   1.000   0.200   0.032   8.000   8.000   8.000   8.000 
 214: -312.901  -7.348  -8.659  -8.341  -8.341  -9.065    2    4    3    3    5 -354.655    3    4    3    3    5 -386.381    3    4    3    3    5 -387.014    5    4    3    3    5 -440.371   1.000   0.200   0.036   8.000   8.000   8.000   8.000 
 215: -312.901  -6.784  -8.659  -8.341  -8.341  -9.065    2    4    3    3    5 -354.090    3    4    3    3    5 -381.429    3    4    3    3    5 -380.047    5    4    3    3    5 -466.145   1.000   0.200   0.080   8.000   8.000   8.000   8.000 
 216: -312.901  -6.710  -8.659  -8.341  -8.341  -9.065    2    4    3    3    5 -354.017    2    4    3    3    5 -366.212    5    4    3    3    5 -414.383    5    4    3    3    5 -482.248   1.000   0.200   0.091   8.000   8.000   8.000   8.000 
 217: -312.901  -6.557  -8.659  -8.341  -8.341  -9.065    2    4    3    3    5 -353.864    3    4    3    3    5 -370.755    5    4    3    3    5 -411.885    4    4    3    3    5 -436.431   1.000   0.200   0.131   8.000   8.000   8.000   8.000 
   0: -333.814 -49.242 -16.350 -16.178 -16.178 -16.573    1    4    3    3    5 -448.336    1    4    3    3    5 -448.336    1    4    3    3    5 -448.336    1    4    3    3    5 -448.336   1.000   0.200  16.000  16.000  16.000  16.000  16.000 
   1: -316.729 -32.534 -16.350 -16.178 -16.178 -16.573    4    4    3    3    5 -414.544    3    4    3    3    5 -410.454    6    4    3    3    5 -436.238    7    4    3    3    5 -481.100   1.000   0.200   7.435  16.000  16.000  16.000  16.000 
   2: -312.901 -10.921 -16.350 -16.178 -16.178 -16.573    2    4    3    3    5 -389.103    5    4    3    3    5 -416.446    6    4    3    3    5 -439.992    7    4    3    3    5 -493.432   1.000   0.200   1.643  16.000  16.000  16.000  16.000 
