   0: -106010.194 -28.763  -8.659  -8.341  -8.341  -9.065    1    4    3    3    5 -106073.363    1    4    3    3    5 -106073.363    1    4    3    3    5 -106073.363    1    4    3    3    5 -106073.363   1.000   0.200   8.000   8.000   8.000   8.000   8.000 
   1: -92054.655 -109.430  -8.659  -8.341  -8.341  -9.065   14    4    3    3    5 -92198.491   15    4    3    3    5 -92143.634   15    4    3    3    5 -92249.509   16    4    3    3    5 -92265.339   1.000   0.200   8.204   8.000   8.000   8.000   8.000 
   2: -91878.022 -100.499  -8.659  -8.341  -8.341  -9.065   13    4    3    3    5 -92012.927   15    4    3    3    5 -92008.131   14    4    3    3    5 -91999.670   17    4    3    3    5 -92035.909   1.000   0.200   3.086   8.000   8.000   8.000   8.000 
   3: -91853.369 -95.056  -8.659  -8.341  -8.341  -9.065   13    4    3    3    5 -91982.831   16    4    3    3    5 -91970.142   13    4    3    3    5 -91997.503   14    4    3    3    5 -91993.191   1.000   0.200   2.743   8.000   8.000   8.000   8.000 
   4: -91848.380 -98.106  -8.659  -8.341  -8.341  -9.065   13    4    3    3    5 -91980.892   12    4    3    3    5 -91959.211   14    4    3    3    5 -91990.366   15    4    3    3    5 -91987.333   1.000   0.200   1.938   8.000   8.000   8.000   8.000 
   5: -91839.664 -98.141  -8.659  -8.341  -8.341  -9.065   14    4    3    3    5 -91972.211   12    4    3    3    5 -91964.443   11    4    3    3    5 -91984.919   17    4    3    3    5 -92007.292   1.000   0.200   2.457   8.000   8.000   8.000   8.000 
   6: -91826.142 -92.535  -8.659  -8.341  -8.341  -9.065   13    4    3    3    5 -91953.083   10    4    3    3    5 -91954.977   13    4    3    3    5 -91974.031   15    4    3    3    5 -91990.463   1.000   0.200   2.742   8.000   8.000   8.000   8.000 
   7: -91826.142 -93.753  -8.659  -8.341  -8.341  -9.065   13    4    3    3    5 -91954.301   11    4    3    3    5 -91968.310   11    4    3    3    5 -92014.071   14    4    3    3    5 -91984.764   1.000   0.200   3.138   8.000   8.000   8.000   8.000 
   8: -91817.494 -99.071  -8.659  -8.341  -8.341  -9.065   11    4    3    3    5 -91950.971   12    4    3    3    5 -91953.924   15    4    3    3    5 -91994.464   12    4    3    3    5 -91984.758   1.000   0.200   1.693   8.000   8.000   8.000   8.000 
   9: -91814.919 -98.007  -8.659  -8.341  -8.341  -9.065   11    4    3    3    5 -91947.331   14    4    3    3    5 -91962.725   12    4    3    3    5 -91990.160   14    4    3    3    5 -91982.333   1.000   0.200   1.290   8.000   8.000   8.000   8.000 
  10: -91814.919 -95.278  -8.659  -8.341  -8.341  -9.065   10    4    3    3    5 -91944.603   14    4    3    3    5 -91974.546   13    4    3    3    5 -91990.232   15    4    3    3    5 -91996.882   1.000   0.200   1.964   8.000   8.000   8.000   8.000 
  11: -91812.921 -99.127  -8.659  -8.341  -8.341  -9.065   13    4    3    3    5 -91946.454   13    4    3    3    5 -91951.179   15    4    3    3    5 -92017.801   14    4    3    3    5 -91983.355   1.000   0.200   3.035   8.000   8.000   8.000   8.000 
  12: -91814.919 -94.861  -8.659  -8.341  -8.341  -9.065   13    4    3    3    5 -91944.185   12    4    3    3    5 -91956.898   15    4    3    3    5 -92018.678   13    4    3    3    5 -92014.933   1.000   0.200   2.158   8.000   8.000   8.000   8.000 
  13: -91814.013 -96.334  -8.659  -8.341  -8.341  -9.065   11    4    3    3    5 -91944.753   13    4    3    3    5 -91965.266   14    4    3    3    5 -91980.888   17    4    3    3    5 -92007.166   1.000   0.200   3.406   8.000   8.000   8.000   8.000 
  14: -91815.042 -97.158  -8.659  -8.341  -8.341  -9.065   14    4    3    3    5 -91946.605   14    4    3    3    5 -91960.890   14    4    3    3    5 -91982.162   17    4    3    3    5 -92020.924   1.000   0.200   4.476   8.000   8.000   8.000   8.000 
  15: -91814.013 -97.566  -8.659  -8.341  -8.341  -9.065   12    4    3    3    5 -91945.985   14    4    3    3    5 -91960.713   13    4    3    3    5 -91985.234   14    4    3    3    5 -91965.081   1.000   0.200   4.908   8.000   8.000   8.000   8.000 
  16: -91812.921 -97.891  -8.659  -8.341  -8.341  -9.065   14    4    3    3    5 -91945.218   13    4    3    3    5 -91957.698   13    4    3    3    5 -91981.827   11    4    3    3    5 -91971.177   1.000   0.200   5.471   8.000   8.000   8.000   8.000 
  17: -91816.672 -94.894  -8.659  -8.341  -8.341  -9.065   13    4    3    3    5 -91945.972   12    4    3    3    5 -91959.126   13    4    3    3    5 -91962.497   12    4    3    3    5 -91990.262   1.000   0.200   3.666   8.000   8.000   8.000   8.000 
  18: -91816.672 -98.091  -8.659  -8.341  -8.341  -9.065   11    4    3    3    5 -91949.169   14    4    3    3    5 -91960.236   11    4    3    3    5 -91974.778   14    4    3    3    5 -92008.578   1.000   0.200   3.742   8.000   8.000   8.000   8.000 
  19: -91812.921 -97.499  -8.659  -8.341  -8.341  -9.065   12    4    3    3    5 -91944.826   11    4    3    3    5 -91968.110   11    4    3    3    5 -91963.230   15    4    3    3    5 -92016.116   1.000   0.200   3.631   8.000   8.000   8.000   8.000 
  20: -91816.956 -98.337  -8.659  -8.341  -8.341  -9.065   12    4    3    3    5 -91949.698   12    4    3    3    5 -91959.586   10    4    3    3    5 -91959.454   13    4    3    3    5 -92007.282   1.000   0.200   2.560   8.000   8.000   8.000   8.000 
  21: -91815.219 -96.005  -8.659  -8.341  -8.341  -9.065   12    4    3    3    5 -91945.631   10    4    3    3    5 -91960.150   15    4    3    3    5 -91966.686   14    4    3    3    5 -92016.949   1.000   0.200   3.211   8.000   8.000   8.000   8.000 
  22: -91814.013 -96.574  -8.659  -8.341  -8.341  -9.065   12    4    3    3    5 -91944.993   11    4    3    3    5 -91958.396   12    4    3    3    5 -91969.525   13    4    3    3    5 -91997.972   1.000   0.200   2.434   8.000   8.000   8.000   8.000 
  23: -91816.011 -96.155  -8.659  -8.341  -8.341  -9.065   11    4    3    3    5 -91946.572   14    4    3    3    5 -91962.293   12    4    3    3    5 -91973.514   12    4    3    3    5 -91976.279   1.000   0.200   2.253   8.000   8.000   8.000   8.000 
  24: -91814.013 -94.518  -8.659  -8.341  -8.341  -9.065   13    4    3    3    5 -91942.937   13    4    3    3    5 -91958.971   13    4    3    3    5 -91976.292   15    4    3    3    5 -92008.706   1.000   0.200   2.497   8.000   8.000   8.000   8.000 
  25: -91816.956 -99.263  -8.659  -8.341  -8.341  -9.065   11    4    3    3    5 -91950.625   13    4    3    3    5 -91962.557   13    4    3    3    5 -91972.568   12    4    3    3    5 -91987.517   1.000   0.200   2.967   8.000   8.000   8.000   8.000 
  26: -91814.013 -94.318  -8.659  -8.341  -8.341  -9.065   12    4    3    3    5 -91942.738   11    4    3    3    5 -91957.650   12    4    3    3    5 -91979.886   12    4    3    3    5 -91997.009   1.000   0.200   3.384   8.000   8.000   8.000   8.000 
  27: -91814.875 -101.181  -8.659  -8.341  -8.341  -9.065   12    4    3    3    5 -91950.462   13    4    3    3    5 -91959.028   12    4    3    3    5 -91980.865   16    4    3    3    5 -91968.303   1.000   0.200   5.256   8.000   8.000   8.000   8.000 
  28: -91818.098 -97.425  -8.659  -8.341  -8.341  -9.065   14    4    3    3    5 -91949.928   12    4    3    3    5 -91963.807   11    4    3    3    5 -91986.636   16    4    3    3    5 -92005.089   1.000   0.200   4.513   8.000   8.000   8.000   8.000 
  29: -91812.921 -97.178  -8.659  -8.341  -8.341  -9.065   13    4    3    3    5 -91944.505   12    4    3    3    5 -91967.299   13    4    3    3    5 -91991.861   15    4    3    3    5 -92031.499   1.000   0.200   4.667   8.000   8.000   8.000   8.000 
  30: -91812.921 -96.895  -8.659  -8.341  -8.341  -9.065   12    4    3    3    5 -91944.222   13    4    3    3    5 -91961.293   13    4    3    3    5 -91965.739   16    4    3    3    5 -92017.126   1.000   0.200   4.930   8.000   8.000   8.000   8.000 
  31: -91815.617 -96.665  -8.659  -8.341  -8.341  -9.065   10    4    3    3    5 -91946.688   11    4    3    3    5 -91973.383   12    4    3    3    5 -91979.673   14    4    3    3    5 -91997.247   1.000   0.200   3.830   8.000   8.000   8.000   8.000 
  32: -91814.013 -94.182  -8.659  -8.341  -8.341  -9.065   13    4    3    3    5 -91942.601   11    4    3    3    5 -91956.477   14    4    3    3    5 -91968.818   14    4    3    3    5 -92008.043   1.000   0.200   2.477   8.000   8.000   8.000   8.000 
  33: -91816.414 -95.834  -8.659  -8.341  -8.341  -9.065   11    4    3    3    5 -91946.654   12    4    3    3    5 -91978.163   14    4    3    3    5 -91979.500   14    4    3    3    5 -92029.712   1.000   0.200   2.317   8.000   8.000   8.000   8.000 
  34: -91818.670 -94.773  -8.659  -8.341  -8.341  -9.065   12    4    3    3    5 -91947.848   15    4    3    3    5 -91970.149   12    4    3    3    5 -91965.067   14    4    3    3    5 -92017.397   1.000   0.200   3.036   8.000   8.000   8.000   8.000 
  35: -91815.580 -95.082  -8.659  -8.341  -8.341  -9.065   11    4    3    3    5 -91945.067   13    4    3    3    5 -91957.626   13    4    3    3    5 -91967.789   12    4    3    3    5 -92035.940   1.000   0.200   3.453   8.000   8.000   8.000   8.000 
  36: -91817.215 -96.005  -8.659  -8.341  -8.341  -9.065   13    4    3    3    5 -91947.625   15    4    3    3    5 -91957.806   14    4    3    3    5 -91982.467   14    4    3    3    5 -92007.382   1.000   0.200   5.994   8.000   8.000   8.000   8.000 
  37: -91814.013 -96.786  -8.659  -8.341  -8.341  -9.065   14    4    3    3    5 -91945.205   13    4    3    3    5 -91959.756   13    4    3    3    5 -91989.860   13    4    3    3    5 -92022.036   1.000   0.200   3.956   8.000   8.000   8.000   8.000 
  38: -91819.072 -94.525  -8.659  -8.341  -8.341  -9.065   10    4    3    3    5 -91948.004   12    4    3    3    5 -91959.342   16    4    3    3    5 -91984.294   15    4    3    3    5 -92005.744   1.000   0.200   3.238   8.000   8.000   8.000   8.000 
  39: -91815.927 -95.607  -8.659  -8.341  -8.341  -9.065   11    4    3    3    5 -91945.940   14    4    3    3    5 -91951.764   16    4    3    3    5 -91986.005   14    4    3    3    5 -92017.555   1.000   0.200   3.822   8.000   8.000   8.000   8.000 
  40: -91818.034 -103.439  -8.659  -8.341  -8.341  -9.065   12    4    3    3    5 -91955.879   13    4    3    3    5 -91958.032   16    4    3    3    5 -91986.635   11    4    3    3    5 -92002.449   1.000   0.200   3.251   8.000   8.000   8.000   8.000 
  41: -91818.098 -98.824  -8.659  -8.341  -8.341  -9.065   14    4    3    3    5 -91951.328   13    4    3    3    5 -91977.525   14    4    3    3    5 -91973.898   13    4    3    3    5 -91970.861   1.000   0.200   2.262   8.000   8.000   8.000   8.000 
  42: -91816.011 -93.513  -8.659  -8.341  -8.341  -9.065   10    4    3    3    5 -91943.930   13    4    3    3    5 -91958.888   12    4    3    3    5 -91965.694   13    4    3    3    5 -91971.795   1.000   0.200   1.923   8.000   8.000   8.000   8.000 
  43: -91817.335 -96.492  -8.659  -8.341  -8.341  -9.065   11    4    3    3    5 -91948.234   13    4    3    3    5 -91958.402   11    4    3    3    5 -91955.392   13    4    3    3    5 -92015.120   1.000   0.200   2.252   8.000   8.000   8.000   8.000 
  44: -91814.013 -95.222  -8.659  -8.341  -8.341  -9.065   12    4    3    3    5 -91943.641   16    4    3    3    5 -91969.620   12    4    3    3    5 -91992.745   12    4    3    3    5 -91987.594   1.000   0.200   3.337   8.000   8.000   8.000   8.000 
  45: -91814.919 -96.498  -8.659  -8.341  -8.341  -9.065   13    4    3    3    5 -91945.823   12    4    3    3    5 -91965.658   15    4    3    3    5 -91976.505   14    4    3    3    5 -91977.521   1.000   0.200   3.006   8.000   8.000   8.000   8.000 
  46: -91816.011 -93.704  -8.659  -8.341  -8.341  -9.065   11    4    3    3    5 -91944.121   14    4    3    3    5 -91955.342   12    4    3    3    5 -91958.291   16    4    3    3    5 -92000.830   1.000   0.200   5.224   8.000   8.000   8.000   8.000 
  47: -91814.556 -99.207  -8.659  -8.341  -8.341  -9.065   14    4    3    3    5 -91948.169   14    4    3    3    5 -91961.875   13    4    3    3    5 -91965.199   13    4    3    3    5 -91989.810   1.000   0.200   6.000   8.000   8.000   8.000   8.000 
  48: -91815.042 -94.387  -8.659  -8.341  -8.341  -9.065   16    4    3    3    5 -91943.834   12    4    3    3    5 -91956.680   13    4    3    3    5 -91967.162   14    4    3    3    5 -91997.343   1.000   0.200   4.937   8.000   8.000   8.000   8.000 
  49: -91817.632 -97.200  -8.659  -8.341  -8.341  -9.065   12    4    3    3    5 -91949.238   13    4    3    3    5 -91960.876   14    4    3    3    5 -91964.015   14    4    3    3    5 -92015.130   1.000   0.200   5.095   8.000   8.000   8.000   8.000 
  50: -91815.042 -96.113  -8.659  -8.341  -8.341  -9.065   12    4    3    3    5 -91945.560   12    4    3    3    5 -91957.459   13    4    3    3    5 -91979.428   13    4    3    3    5 -92014.522   1.000   0.200   4.456   8.000   8.000   8.000   8.000 
  51: -91820.095 -97.312  -8.659  -8.341  -8.341  -9.065   15    4    3    3    5 -91951.813   13    4    3    3    5 -91961.154   14    4    3    3    5 -91978.357   17    4    3    3    5 -92007.321   1.000   0.200   6.066   8.000   8.000   8.000   8.000 
  52: -91814.013 -94.303  -8.659  -8.341  -8.341  -9.065   12    4    3    3    5 -91942.722   14    4    3    3    5 -91955.985   14    4    3    3    5 -91993.049   14    4    3    3    5 -92041.532   1.000   0.200   2.987   8.000   8.000   8.000   8.000 
  53: -91817.918 -99.074  -8.659  -8.341  -8.341  -9.065   12    4    3    3    5 -91951.399   14    4    3    3    5 -91969.109   13    4    3    3    5 -91973.213   16    4    3    3    5 -92020.179   1.000   0.200   3.646   8.000   8.000   8.000   8.000 
  54: -91812.921 -97.240  -8.659  -8.341  -8.341  -9.065   13    4    3    3    5 -91944.566   14    4    3    3    5 -91968.348   12    4    3    3    5 -91969.016   13    4    3    3    5 -92054.985   1.000   0.200   2.889   8.000   8.000   8.000   8.000 
  55: -91813.949 -96.488  -8.659  -8.341  -8.341  -9.065   14    4    3    3    5 -91944.844   12    4    3    3    5 -91953.453   14    4    3    3    5 -91989.576   15    4    3    3    5 -92046.321   1.000   0.200   2.787   8.000   8.000   8.000   8.000 
  56: -91816.414 -93.555  -8.659  -8.341  -8.341  -9.065   13    4    3    3    5 -91944.375   12    4    3    3    5 -91956.962   13    4    3    3    5 -91987.517   13    4    3    3    5 -92038.895   1.000   0.200   3.975   8.000   8.000   8.000   8.000 
  57: -91814.919 -92.774  -8.659  -8.341  -8.341  -9.065   11    4    3    3    5 -91942.099   13    4    3    3    5 -91966.221   12    4    3    3    5 -91978.422   14    4    3    3    5 -92003.933   1.000   0.200   2.514   8.000   8.000   8.000   8.000 
  58: -91816.414 -92.135  -8.659  -8.341  -8.341  -9.065   11    4    3    3    5 -91942.955   13    4    3    3    5 -91965.366   13    4    3    3    5 -91984.227   16    4    3    3    5 -92012.491   1.000   0.200   2.141   8.000   8.000   8.000   8.000 
  59: -91815.580 -97.416  -8.659  -8.341  -8.341  -9.065   11    4    3    3    5 -91947.401   14    4    3    3    5 -91968.728   13    4    3    3    5 -91965.680   15    4    3    3    5 -92004.447   1.000   0.200   2.176   8.000   8.000   8.000   8.000 
  60: -91814.919 -96.717  -8.659  -8.341  -8.341  -9.065   11    4    3    3    5 -91946.042   14    4    3    3    5 -91965.308   12    4    3    3    5 -91965.614   15    4    3    3    5 -92078.339   1.000   0.200   2.045   8.000   8.000   8.000   8.000 
  61: -91821.728 -97.424  -8.659  -8.341  -8.341  -9.065   10    4    3    3    5 -91953.558   13    4    3    3    5 -91970.544   15    4    3    3    5 -92001.731   12    4    3    3    5 -91996.259   1.000   0.200   2.237   8.000   8.000   8.000   8.000 
  62: -91812.921 -97.297  -8.659  -8.341  -8.341  -9.065   11    4    3    3    5 -91944.624   14    4    3    3    5 -91958.585   14    4    3    3    5 -91978.479   14    4    3    3    5 -92016.088   1.000   0.200   2.734   8.000   8.000   8.000   8.000 
  63: -91818.098 -95.538  -8.659  -8.341  -8.341  -9.065   12    4    3    3    5 -91948.042   12    4    3    3    5 -91966.497   12    4    3    3    5 -91989.786   14    4    3    3    5 -91999.723   1.000   0.200   2.037   8.000   8.000   8.000   8.000 
  64: -91815.397 -96.802  -8.659  -8.341  -8.341  -9.065   11    4    3    3    5 -91946.606   12    4    3    3    5 -91969.768   12    4    3    3    5 -91968.756   15    4    3    3    5 -92015.958   1.000   0.200   2.161   8.000   8.000   8.000   8.000 
  65: -91816.672 -101.285  -8.659  -8.341  -8.341  -9.065   12    4    3    3    5 -91952.362   13    4    3    3    5 -91957.749   16    4    3    3    5 -91959.328   13    4    3    3    5 -91995.911   1.000   0.200   0.993   8.000   8.000   8.000   8.000 
  66: -91813.949 -99.441  -8.659  -8.341  -8.341  -9.065   12    4    3    3    5 -91947.796   10    4    3    3    5 -91961.279   13    4    3    3    5 -91980.974   14    4    3    3    5 -92000.308   1.000   0.200   1.975   8.000   8.000   8.000   8.000 
  67: -91816.011 -99.930  -8.659  -8.341  -8.341  -9.065   12    4    3    3    5 -91950.347   13    4    3    3    5 -91955.677   13    4    3    3    5 -91974.717   14    4    3    3    5 -92000.852   1.000   0.200   1.320   8.000   8.000   8.000   8.000 
  68: -91814.013 -97.414  -8.659  -8.341  -8.341  -9.065   11    4    3    3    5 -91945.833   11    4    3    3    5 -91952.184   12    4    3    3    5 -91967.390   15    4    3    3    5 -92002.015   1.000   0.200   1.732   8.000   8.000   8.000   8.000 
  69: -91817.005 -99.247  -8.659  -8.341  -8.341  -9.065   13    4    3    3    5 -91950.658   10    4    3    3    5 -91959.290   13    4    3    3    5 -91973.948   13    4    3    3    5 -92016.944   1.000   0.200   2.230   8.000   8.000   8.000   8.000 
  70: -91818.670 -97.878  -8.659  -8.341  -8.341  -9.065   11    4    3    3    5 -91950.954   10    4    3    3    5 -91953.976   15    4    3    3    5 -91975.170   15    4    3    3    5 -92003.171   1.000   0.200   5.765   8.000   8.000   8.000   8.000 
  71: -91817.005 -98.995  -8.659  -8.341  -8.341  -9.065   13    4    3    3    5 -91950.406   12    4    3    3    5 -91957.765   13    4    3    3    5 -91991.658   13    4    3    3    5 -91993.104   1.000   0.200   3.230   8.000   8.000   8.000   8.000 
  72: -91814.013 -96.872  -8.659  -8.341  -8.341  -9.065   13    4    3    3    5 -91945.291   12    4    3    3    5 -91962.396   15    4    3    3    5 -91987.353   14    4    3    3    5 -92011.459   1.000   0.200   5.027   8.000   8.000   8.000   8.000 
  73: -91812.921 -97.532  -8.659  -8.341  -8.341  -9.065   12    4    3    3    5 -91944.859   13    4    3    3    5 -91958.254   15    4    3    3    5 -92023.003   15    4    3    3    5 -92017.959   1.000   0.200   1.821   8.000   8.000   8.000   8.000 
  74: -91814.556 -96.721  -8.659  -8.341  -8.341  -9.065   12    4    3    3    5 -91945.683   13    4    3    3    5 -91969.112   12    4    3    3    5 -92000.888   14    4    3    3    5 -92005.606   1.000   0.200   3.092   8.000   8.000   8.000   8.000 
  75: -91814.835 -96.272  -8.659  -8.341  -8.341  -9.065   12    4    3    3    5 -91945.513   14    4    3    3    5 -91971.669   14    4    3    3    5 -92007.405   15    4    3    3    5 -92027.672   1.000   0.200   1.689   8.000   8.000   8.000   8.000 
  76: -91815.580 -94.546  -8.659  -8.341  -8.341  -9.065   11    4    3    3    5 -91944.532   11    4    3    3    5 -91957.258   13    4    3    3    5 -91996.601   14    4    3    3    5 -92014.519   1.000   0.200   2.785   8.000   8.000   8.000   8.000 
  77: -91815.042 -95.448  -8.659  -8.341  -8.341  -9.065   13    4    3    3    5 -91944.896   13    4    3    3    5 -91947.492   16    4    3    3    5 -91970.607   14    4    3    3    5 -92007.098   1.000   0.200   3.826   8.000   8.000   8.000   8.000 
  78: -91817.005 -99.239  -8.659  -8.341  -8.341  -9.065   12    4    3    3    5 -91950.650   13    4    3    3    5 -91957.212   14    4    3    3    5 -91971.918   15    4    3    3    5 -91989.986   1.000   0.200   4.970   8.000   8.000   8.000   8.000 
  79: -91815.397 -96.200  -8.659  -8.341  -8.341  -9.065   11    4    3    3    5 -91946.004   13    4    3    3    5 -91958.570   12    4    3    3    5 -91960.669   15    4    3    3    5 -91989.464   1.000   0.200   3.964   8.000   8.000   8.000   8.000 
  80: -91821.962 -97.196  -8.659  -8.341  -8.341  -9.065   13    4    3    3    5 -91953.564   13    4    3    3    5 -91967.417   14    4    3    3    5 -91971.136   12    4    3    3    5 -92021.770   1.000   0.200   2.043   8.000   8.000   8.000   8.000 
  81: -91825.965 -95.784  -8.659  -8.341  -8.341  -9.065   11    4    3    3    5 -91956.155   12    4    3    3    5 -91971.431   13    4    3    3    5 -91968.934   12    4    3    3    5 -92014.567   1.000   0.200   4.280   8.000   8.000   8.000   8.000 
  82: -91815.042 -97.348  -8.659  -8.341  -8.341  -9.065   13    4    3    3    5 -91946.796   10    4    3    3    5 -91973.138   13    4    3    3    5 -91980.672   13    4    3    3    5 -91993.858   1.000   0.200   3.404   8.000   8.000   8.000   8.000 
  83: -91814.013 -97.673  -8.659  -8.341  -8.341  -9.065   14    4    3    3    5 -91946.092   13    4    3    3    5 -91968.783   13    4    3    3    5 -91979.950   14    4    3    3    5 -91976.993   1.000   0.200   1.704   8.000   8.000   8.000   8.000 
  84: -91816.468 -95.037  -8.659  -8.341  -8.341  -9.065   12    4    3    3    5 -91945.911   13    4    3    3    5 -91956.652   13    4    3    3    5 -91972.931   13    4    3    3    5 -91983.407   1.000   0.200   2.205   8.000   8.000   8.000   8.000 
  85: -91815.769 -96.569  -8.659  -8.341  -8.341  -9.065   11    4    3    3    5 -91946.744   13    4    3    3    5 -91962.945   14    4    3    3    5 -91969.156   14    4    3    3    5 -92003.807   1.000   0.200   2.371   8.000   8.000   8.000   8.000 
  86: -91812.921 -97.721  -8.659  -8.341  -8.341  -9.065   11    4    3    3    5 -91945.048   14    4    3    3    5 -91958.276   14    4    3    3    5 -91979.174   14    4    3    3    5 -91968.130   1.000   0.200   2.486   8.000   8.000   8.000   8.000 
  87: -91817.506 -94.615  -8.659  -8.341  -8.341  -9.065   10    4    3    3    5 -91946.527   13    4    3    3    5 -91968.583   16    4    3    3    5 -91975.718   11    4    3    3    5 -91986.167   1.000   0.200   1.560   8.000   8.000   8.000   8.000 
  88: -91814.013 -97.106  -8.659  -8.341  -8.341  -9.065   13    4    3    3    5 -91945.525   13    4    3    3    5 -91958.725   15    4    3    3    5 -91970.000   13    4    3    3    5 -91967.315   1.000   0.200   2.193   8.000   8.000   8.000   8.000 
  89: -91814.013 -94.253  -8.659  -8.341  -8.341  -9.065   12    4    3    3    5 -91942.672   11    4    3    3    5 -91962.869   15    4    3    3    5 -91976.953   12    4    3    3    5 -91971.188   1.000   0.200   3.421   8.000   8.000   8.000   8.000 
  90: -91814.013 -94.849  -8.659  -8.341  -8.341  -9.065   11    4    3    3    5 -91943.269   12    4    3    3    5 -91969.632   14    4    3    3    5 -92008.129   12    4    3    3    5 -91976.831   1.000   0.200   2.537   8.000   8.000   8.000   8.000 
  91: -91814.013 -96.057  -8.659  -8.341  -8.341  -9.065   12    4    3    3    5 -91944.476   13    4    3    3    5 -91964.897   13    4    3    3    5 -91962.750   13    4    3    3    5 -92009.481   1.000   0.200   3.287   8.000   8.000   8.000   8.000 
  92: -91814.013 -94.695  -8.659  -8.341  -8.341  -9.065   14    4    3    3    5 -91943.114   12    4    3    3    5 -91954.430   14    4    3    3    5 -91976.418   13    4    3    3    5 -92009.668   1.000   0.200   3.649   8.000   8.000   8.000   8.000 
  93: -91814.013 -92.810  -8.659  -8.341  -8.341  -9.065   12    4    3    3    5 -91941.229   12    4    3    3    5 -91960.094   12    4    3    3    5 -91984.177   14    4    3    3    5 -92014.465   1.000   0.200   3.282   8.000   8.000   8.000   8.000 
  94: -91812.921 -97.880  -8.659  -8.341  -8.341  -9.065   13    4    3    3    5 -91945.207   12    4    3    3    5 -91955.846   17    4    3    3    5 -91980.411   12    4    3    3    5 -91985.063   1.000   0.200   4.291   8.000   8.000   8.000   8.000 
  95: -91818.588 -94.962  -8.659  -8.341  -8.341  -9.065   11    4    3    3    5 -91947.957   12    4    3    3    5 -91956.187   15    4    3    3    5 -91987.899   16    4    3    3    5 -92009.440   1.000   0.200   4.123   8.000   8.000   8.000   8.000 
  96: -91812.921 -96.476  -8.659  -8.341  -8.341  -9.065   12    4    3    3    5 -91943.803   13    4    3    3    5 -91974.966   13    4    3    3    5 -91983.779   13    4    3    3    5 -92003.936   1.000   0.200   4.127   8.000   8.000   8.000   8.000 
  97: -91813.464 -99.138  -8.659  -8.341  -8.341  -9.065   13    4    3    3    5 -91947.008   14    4    3    3    5 -91962.364   13    4    3    3    5 -92001.627   13    4    3    3    5 -91995.523   1.000   0.200   4.968   8.000   8.000   8.000   8.000 
  98: -91812.921 -97.929  -8.659  -8.341  -8.341  -9.065   13    4    3    3    5 -91945.256   11    4    3    3    5 -91951.711   12    4    3    3    5 -91999.574   14    4    3    3    5 -91973.051   1.000   0.200   4.187   8.000   8.000   8.000   8.000 
  99: -91823.428 -96.186  -8.659  -8.341  -8.341  -9.065   11    4    3    3    5 -91954.020   12    4    3    3    5 -91962.122   12    4    3    3    5 -91990.474   12    4    3    3    5 -92002.166   1.000   0.200   3.118   8.000   8.000   8.000   8.000 
 100: -91814.013 -93.705  -8.659  -8.341  -8.341  -9.065   12    4    3    3    5 -91942.124   10    4    3    3    5 -91965.751   12    4    3    3    5 -92005.088   15    4    3    3    5 -92025.705   1.000   0.200   3.787   8.000   8.000   8.000   8.000 
 101: -91819.349 -99.405  -8.659  -8.341  -8.341  -9.065   12    4    3    3    5 -91953.161   11    4    3    3    5 -91954.312   12    4    3    3    5 -91985.730   12    4    3    3    5 -92014.423   1.000   0.200   3.466   8.000   8.000   8.000   8.000 
 102: -91819.730 -96.485  -8.659  -8.341  -8.341  -9.065   13    4    3    3    5 -91950.621   13    4    3    3    5 -91958.272   14    4    3    3    5 -91986.285   14    4    3    3    5 -92002.401   1.000   0.200   4.497   8.000   8.000   8.000   8.000 
 103: -91814.013 -96.000  -8.659  -8.341  -8.341  -9.065   14    4    3    3    5 -91944.419   12    4    3    3    5 -91964.533   12    4    3    3    5 -91971.495   15    4    3    3    5 -92004.961   1.000   0.200   4.322   8.000   8.000   8.000   8.000 
 104: -91814.013 -97.999  -8.659  -8.341  -8.341  -9.065   12    4    3    3    5 -91946.418   13    4    3    3    5 -91959.748   11    4    3    3    5 -91984.041   12    4    3    3    5 -91993.729   1.000   0.200   5.592   8.000   8.000   8.000   8.000 
 105: -91812.921 -97.333  -8.659  -8.341  -8.341  -9.065   12    4    3    3    5 -91944.660   12    4    3    3    5 -91959.941   13    4    3    3    5 -91969.902   12    4    3    3    5 -92014.636   1.000   0.200   4.095   8.000   8.000   8.000   8.000 
 106: -91814.677 -95.062  -8.659  -8.341  -8.341  -9.065   11    4    3    3    5 -91944.145   11    4    3    3    5 -91946.222   12    4    3    3    5 -91974.005   12    4    3    3    5 -91996.835   1.000   0.200   2.725   8.000   8.000   8.000   8.000 
 107: -91814.013 -93.738  -8.659  -8.341  -8.341  -9.065   12    4    3    3    5 -91942.157   11    4    3    3    5 -91964.352   15    4    3    3    5 -91997.888   14    4    3    3    5 -92037.317   1.000   0.200   2.671   8.000   8.000   8.000   8.000 
 108: -91813.949 -97.044  -8.659  -8.341  -8.341  -9.065   12    4    3    3    5 -91945.400   12    4    3    3    5 -91965.755   14    4    3    3    5 -91966.147   16    4    3    3    5 -92000.530   1.000   0.200   4.043   8.000   8.000   8.000   8.000 
 109: -91813.949 -95.492  -8.659  -8.341  -8.341  -9.065   14    4    3    3    5 -91943.847   12    4    3    3    5 -91961.776   11    4    3    3    5 -91986.911   14    4    3    3    5 -92020.656   1.000   0.200   2.964   8.000   8.000   8.000   8.000 
 110: -91814.013 -94.186  -8.659  -8.341  -8.341  -9.065   14    4    3    3    5 -91942.605   13    4    3    3    5 -91959.540   12    4    3    3    5 -91957.455   14    4    3    3    5 -91999.802   1.000   0.200   3.373   8.000   8.000   8.000   8.000 
 111: -91812.921 -101.022  -8.659  -8.341  -8.341  -9.065   10    4    3    3    5 -91948.349   13    4    3    3    5 -91960.517   12    4    3    3    5 -91966.081   14    4    3    3    5 -92001.078   1.000   0.200   4.002   8.000   8.000   8.000   8.000 
 112: -91812.921 -98.320  -8.659  -8.341  -8.341  -9.065   12    4    3    3    5 -91945.647   14    4    3    3    5 -91966.074   12    4    3    3    5 -91991.462   13    4    3    3    5 -91981.692   1.000   0.200   2.785   8.000   8.000   8.000   8.000 
 113: -91816.011 -92.969  -8.659  -8.341  -8.341  -9.065   11    4    3    3    5 -91943.386   13    4    3    3    5 -91953.830   13    4    3    3    5 -91971.320   15    4    3    3    5 -92016.115   1.000   0.200   3.142   8.000   8.000   8.000   8.000 
 114: -91815.769 -96.257  -8.659  -8.341  -8.341  -9.065   12    4    3    3    5 -91946.432   14    4    3    3    5 -91979.341   13    4    3    3    5 -91974.539   15    4    3    3    5 -92016.290   1.000   0.200   2.476   8.000   8.000   8.000   8.000 
 115: -91814.919 -94.788  -8.659  -8.341  -8.341  -9.065   12    4    3    3    5 -91944.113   13    4    3    3    5 -91968.104   15    4    3    3    5 -91989.427   14    4    3    3    5 -91990.392   1.000   0.200   2.425   8.000   8.000   8.000   8.000 
 116: -91816.137 -97.400  -8.659  -8.341  -8.341  -9.065   11    4    3    3    5 -91947.943   10    4    3    3    5 -91963.492   13    4    3    3    5 -91988.606   14    4    3    3    5 -92013.532   1.000   0.200   2.055   8.000   8.000   8.000   8.000 
 117: -91812.921 -96.446  -8.659  -8.341  -8.341  -9.065   11    4    3    3    5 -91943.773   13    4    3    3    5 -91964.496   14    4    3    3    5 -91996.377   13    4    3    3    5 -91985.616   1.000   0.200   3.370   8.000   8.000   8.000   8.000 
 118: -91817.005 -97.545  -8.659  -8.341  -8.341  -9.065   12    4    3    3    5 -91948.957   13    4    3    3    5 -91963.764   14    4    3    3    5 -91982.133   12    4    3    3    5 -91983.226   1.000   0.200   2.062   8.000   8.000   8.000   8.000 
 119: -91812.921 -97.009  -8.659  -8.341  -8.341  -9.065   11    4    3    3    5 -91944.336   11    4    3    3    5 -91958.830   15    4    3    3    5 -91978.150   13    4    3    3    5 -91977.314   1.000   0.200   1.941   8.000   8.000   8.000   8.000 
 120: -91820.415 -97.655  -8.659  -8.341  -8.341  -9.065   10    4    3    3    5 -91952.476   13    4    3    3    5 -91959.044   15    4    3    3    5 -91987.141   13    4    3    3    5 -91994.484   1.000   0.200   2.373   8.000   8.000   8.000   8.000 
 121: -91814.919 -96.206  -8.659  -8.341  -8.341  -9.065   13    4    3    3    5 -91945.530   11    4    3    3    5 -91971.687   14    4    3    3    5 -91994.145   15    4    3    3    5 -91969.909   1.000   0.200   2.338   8.000   8.000   8.000   8.000 
 122: -91816.797 -95.224  -8.659  -8.341  -8.341  -9.065   11    4    3    3    5 -91946.427   13    4    3    3    5 -91971.017   14    4    3    3    5 -91983.493   16    4    3    3    5 -92037.531   1.000   0.200   2.989   8.000   8.000   8.000   8.000 
 123: -91820.729 -97.806  -8.659  -8.341  -8.341  -9.065   12    4    3    3    5 -91952.941   14    4    3    3    5 -91968.465   13    4    3    3    5 -91978.283   19    4    3    3    5 -92023.437   1.000   0.200   4.421   8.000   8.000   8.000   8.000 
 124: -91814.013 -94.133  -8.659  -8.341  -8.341  -9.065   12    4    3    3    5 -91942.552   11    4    3    3    5 -91956.784   13    4    3    3    5 -91982.957   15    4    3    3    5 -92021.720   1.000   0.200   3.124   8.000   8.000   8.000   8.000 
 125: -91814.919 -98.390  -8.659  -8.341  -8.341  -9.065   10    4    3    3    5 -91947.715   12    4    3    3    5 -91966.252   14    4    3    3    5 -91970.711   13    4    3    3    5 -92002.036   1.000   0.200   3.704   8.000   8.000   8.000   8.000 
 126: -91816.011 -96.049  -8.659  -8.341  -8.341  -9.065   12    4    3    3    5 -91946.466   13    4    3    3    5 -91969.036   13    4    3    3    5 -91981.559   13    4    3    3    5 -92010.719   1.000   0.200   2.454   8.000   8.000   8.000   8.000 
 127: -91816.011 -94.020  -8.659  -8.341  -8.341  -9.065   12    4    3    3    5 -91944.437   14    4    3    3    5 -91956.641   14    4    3    3    5 -91988.240   14    4    3    3    5 -91989.588   1.000   0.200   2.254   8.000   8.000   8.000   8.000 
 128: -91814.013 -95.468  -8.659  -8.341  -8.341  -9.065   11    4    3    3    5 -91943.888   12    4    3    3    5 -91967.129   14    4    3    3    5 -91988.240   13    4    3    3    5 -92010.191   1.000   0.200   2.375   8.000   8.000   8.000   8.000 
 129: -91817.146 -96.231  -8.659  -8.341  -8.341  -9.065   12    4    3    3    5 -91947.783   12    4    3    3    5 -91962.044   13    4    3    3    5 -91984.278   14    4    3    3    5 -92012.330   1.000   0.200   2.829   8.000   8.000   8.000   8.000 
 130: -91812.921 -98.337  -8.659  -8.341  -8.341  -9.065   11    4    3    3    5 -91945.664   11    4    3    3    5 -91957.272   13    4    3    3    5 -91988.657   15    4    3    3    5 -92045.025   1.000   0.200   1.936   8.000   8.000   8.000   8.000 
 131: -91815.042 -96.142  -8.659  -8.341  -8.341  -9.065   13    4    3    3    5 -91945.589   11    4    3    3    5 -91967.457   12    4    3    3    5 -91964.743   12    4    3    3    5 -91991.264   1.000   0.200   4.096   8.000   8.000   8.000   8.000 
 132: -91816.672 -93.325  -8.659  -8.341  -8.341  -9.065   13    4    3    3    5 -91944.403   12    4    3    3    5 -91964.642   14    4    3    3    5 -91983.029   13    4    3    3    5 -91995.693   1.000   0.200   2.063   8.000   8.000   8.000   8.000 
 133: -91816.489 -100.066  -8.659  -8.341  -8.341  -9.065   12    4    3    3    5 -91950.961   14    4    3    3    5 -91955.845   15    4    3    3    5 -91994.018   17    4    3    3    5 -91994.814   1.000   0.200   1.433   8.000   8.000   8.000   8.000 
 134: -91817.229 -96.782  -8.659  -8.341  -8.341  -9.065   12    4    3    3    5 -91948.418   12    4    3    3    5 -91961.007   15    4    3    3    5 -91981.708   16    4    3    3    5 -92023.470   1.000   0.200   1.858   8.000   8.000   8.000   8.000 
 135: -91814.013 -94.710  -8.659  -8.341  -8.341  -9.065   13    4    3    3    5 -91943.129   12    4    3    3    5 -91955.569   13    4    3    3    5 -91990.930   15    4    3    3    5 -92012.803   1.000   0.200   3.437   8.000   8.000   8.000   8.000 
 136: -91814.013 -95.595  -8.659  -8.341  -8.341  -9.065   12    4    3    3    5 -91944.014   11    4    3    3    5 -91962.716   13    4    3    3    5 -91969.950   14    4    3    3    5 -91999.023   1.000   0.200   3.922   8.000   8.000   8.000   8.000 
 137: -91814.013 -98.582  -8.659  -8.341  -8.341  -9.065   12    4    3    3    5 -91947.001   12    4    3    3    5 -91956.054   14    4    3    3    5 -91988.362   13    4    3    3    5 -91996.386   1.000   0.200   2.652   8.000   8.000   8.000   8.000 
 138: -91818.034 -97.015  -8.659  -8.341  -8.341  -9.065   14    4    3    3    5 -91949.455   13    4    3    3    5 -91978.073   14    4    3    3    5 -91969.512   15    4    3    3    5 -92030.080   1.000   0.200   3.515   8.000   8.000   8.000   8.000 
 139: -91812.921 -98.398  -8.659  -8.341  -8.341  -9.065   12    4    3    3    5 -91945.725   14    4    3    3    5 -91968.269   15    4    3    3    5 -91979.423   12    4    3    3    5 -91980.604   1.000   0.200   4.515   8.000   8.000   8.000   8.000 
 140: -91817.005 -95.192  -8.659  -8.341  -8.341  -9.065   15    4    3    3    5 -91946.604   13    4    3    3    5 -91965.652   13    4    3    3    5 -91973.458   12    4    3    3    5 -91987.176   1.000   0.200   3.951   8.000   8.000   8.000   8.000 
 141: -91815.580 -98.737  -8.659  -8.341  -8.341  -9.065   12    4    3    3    5 -91948.722   13    4    3    3    5 -91967.493   14    4    3    3    5 -91967.288   14    4    3    3    5 -92015.535   1.000   0.200   4.069   8.000   8.000   8.000   8.000 
 142: -91817.229 -95.061  -8.659  -8.341  -8.341  -9.065   13    4    3    3    5 -91946.696   13    4    3    3    5 -91970.705   14    4    3    3    5 -91974.087   13    4    3    3    5 -92015.140   1.000   0.200   3.579   8.000   8.000   8.000   8.000 
 143: -91812.921 -98.476  -8.659  -8.341  -8.341  -9.065   13    4    3    3    5 -91945.803   13    4    3    3    5 -91967.064   14    4    3    3    5 -91978.142   14    4    3    3    5 -92003.028   1.000   0.200   4.927   8.000   8.000   8.000   8.000 
 144: -91816.312 -95.910  -8.659  -8.341  -8.341  -9.065   12    4    3    3    5 -91946.628   15    4    3    3    5 -91962.714   13    4    3    3    5 -91963.474   14    4    3    3    5 -92020.540   1.000   0.200   2.745   8.000   8.000   8.000   8.000 
 145: -91819.853 -94.261  -8.659  -8.341  -8.341  -9.065   13    4    3    3    5 -91948.520   13    4    3    3    5 -91951.790   14    4    3    3    5 -91969.984   13    4    3    3    5 -92029.030   1.000   0.200   3.616   8.000   8.000   8.000   8.000 
 146: -91812.921 -97.550  -8.659  -8.341  -8.341  -9.065   13    4    3    3    5 -91944.877   14    4    3    3    5 -91970.952   14    4    3    3    5 -91980.069   12    4    3    3    5 -92011.338   1.000   0.200   2.948   8.000   8.000   8.000   8.000 
 147: -91813.464 -96.501  -8.659  -8.341  -8.341  -9.065   12    4    3    3    5 -91944.371   12    4    3    3    5 -91959.870   15    4    3    3    5 -91996.667   12    4    3    3    5 -92004.934   1.000   0.200   3.426   8.000   8.000   8.000   8.000 
 148: -91817.506 -96.117  -8.659  -8.341  -8.341  -9.065   11    4    3    3    5 -91948.029   13    4    3    3    5 -91949.782   13    4    3    3    5 -91985.311   16    4    3    3    5 -91989.486   1.000   0.200   1.955   8.000   8.000   8.000   8.000 
 149: -91814.013 -98.043  -8.659  -8.341  -8.341  -9.065   11    4    3    3    5 -91946.462   11    4    3    3    5 -91957.429   14    4    3    3    5 -91996.551   15    4    3    3    5 -91998.928   1.000   0.200   1.581   8.000   8.000   8.000   8.000 
 150: -91816.011 -96.469  -8.659  -8.341  -8.341  -9.065   11    4    3    3    5 -91946.886   13    4    3    3    5 -91970.766   14    4    3    3    5 -91974.965   13    4    3    3    5 -92035.782   1.000   0.200   2.071   8.000   8.000   8.000   8.000 
 151: -91818.588 -92.934  -8.659  -8.341  -8.341  -9.065   12    4    3    3    5 -91945.929   13    4    3    3    5 -91961.160   15    4    3    3    5 -91979.020   13    4    3    3    5 -92027.682   1.000   0.200   3.019   8.000   8.000   8.000   8.000 
 152: -91815.042 -97.688  -8.659  -8.341  -8.341  -9.065   14    4    3    3    5 -91947.136   12    4    3    3    5 -91951.628   12    4    3    3    5 -91975.476   14    4    3    3    5 -92010.030   1.000   0.200   3.791   8.000   8.000   8.000   8.000 
 153: -91812.921 -95.249  -8.659  -8.341  -8.341  -9.065   12    4    3    3    5 -91942.576   12    4    3    3    5 -91961.629   13    4    3    3    5 -91972.885   14    4    3    3    5 -92011.630   1.000   0.200   3.825   8.000   8.000   8.000   8.000 
 154: -91816.137 -98.517  -8.659  -8.341  -8.341  -9.065   13    4    3    3    5 -91949.060   12    4    3    3    5 -91964.670   16    4    3    3    5 -91977.296   17    4    3    3    5 -92034.092   1.000   0.200   3.330   8.000   8.000   8.000   8.000 
 155: -91815.769 -92.521  -8.659  -8.341  -8.341  -9.065   12    4    3    3    5 -91942.695   12    4    3    3    5 -91951.860   15    4    3    3    5 -91976.373   15    4    3    3    5 -92019.425   1.000   0.200   2.881   8.000   8.000   8.000   8.000 
 156: -91812.921 -97.199  -8.659  -8.341  -8.341  -9.065   12    4    3    3    5 -91944.526   14    4    3    3    5 -91958.225   12    4    3    3    5 -91971.518   11    4    3    3    5 -91993.041   1.000   0.200   2.912   8.000   8.000   8.000   8.000 
 157: -91818.098 -98.688  -8.659  -8.341  -8.341  -9.065   13    4    3    3    5 -91951.192   13    4    3    3    5 -91960.092   13    4    3    3    5 -91978.152   13    4    3    3    5 -92016.698   1.000   0.200   4.081   8.000   8.000   8.000   8.000 
 158: -91816.468 -96.958  -8.659  -8.341  -8.341  -9.065   12    4    3    3    5 -91947.832   12    4    3    3    5 -91950.395   15    4    3    3    5 -91981.075   13    4    3    3    5 -91988.869   1.000   0.200   3.670   8.000   8.000   8.000   8.000 
 159: -91813.949 -95.751  -8.659  -8.341  -8.341  -9.065   13    4    3    3    5 -91944.107   14    4    3    3    5 -91955.891   14    4    3    3    5 -91988.606   12    4    3    3    5 -91992.798   1.000   0.200   3.237   8.000   8.000   8.000   8.000 
 160: -91816.011 -96.557  -8.659  -8.341  -8.341  -9.065   11    4    3    3    5 -91946.974   13    4    3    3    5 -91964.195   12    4    3    3    5 -91974.724   13    4    3    3    5 -91984.981   1.000   0.200   2.258   8.000   8.000   8.000   8.000 
 161: -91817.215 -95.348  -8.659  -8.341  -8.341  -9.065   12    4    3    3    5 -91946.968   13    4    3    3    5 -91966.009   13    4    3    3    5 -91971.089   15    4    3    3    5 -91998.206   1.000   0.200   2.298   8.000   8.000   8.000   8.000 
 162: -91816.608 -97.452  -8.659  -8.341  -8.341  -9.065   12    4    3    3    5 -91948.466   14    4    3    3    5 -91964.547   13    4    3    3    5 -91964.195   13    4    3    3    5 -91987.598   1.000   0.200   4.653   8.000   8.000   8.000   8.000 
 163: -91814.677 -95.292  -8.659  -8.341  -8.341  -9.065   11    4    3    3    5 -91944.375   13    4    3    3    5 -91951.724   15    4    3    3    5 -92012.699   12    4    3    3    5 -92000.403   1.000   0.200   3.386   8.000   8.000   8.000   8.000 
 164: -91815.769 -93.903  -8.659  -8.341  -8.341  -9.065   11    4    3    3    5 -91944.078   11    4    3    3    5 -91963.452   12    4    3    3    5 -91968.902   12    4    3    3    5 -92000.854   1.000   0.200   3.266   8.000   8.000   8.000   8.000 
 165: -91814.919 -93.787  -8.659  -8.341  -8.341  -9.065   11    4    3    3    5 -91943.112   13    4    3    3    5 -91962.321   11    4    3    3    5 -91968.316   13    4    3    3    5 -92017.571   1.000   0.200   4.230   8.000   8.000   8.000   8.000 
 166: -91812.921 -96.342  -8.659  -8.341  -8.341  -9.065   14    4    3    3    5 -91943.669   14    4    3    3    5 -91974.777   12    4    3    3    5 -91990.189   14    4    3    3    5 -92010.805   1.000   0.200   4.099   8.000   8.000   8.000   8.000 
 167: -91814.013 -98.484  -8.659  -8.341  -8.341  -9.065   12    4    3    3    5 -91946.903   14    4    3    3    5 -91972.380   11    4    3    3    5 -91990.562   11    4    3    3    5 -91981.042   1.000   0.200   4.026   8.000   8.000   8.000   8.000 
 168: -91812.921 -98.936  -8.659  -8.341  -8.341  -9.065   12    4    3    3    5 -91946.263   13    4    3    3    5 -91975.056   13    4    3    3    5 -91992.498   13    4    3    3    5 -91982.669   1.000   0.200   4.377   8.000   8.000   8.000   8.000 
 169: -91814.013 -95.618  -8.659  -8.341  -8.341  -9.065   12    4    3    3    5 -91944.037   12    4    3    3    5 -91964.728   12    4    3    3    5 -92014.147   13    4    3    3    5 -91968.054   1.000   0.200   4.432   8.000   8.000   8.000   8.000 
 170: -91812.921 -95.499  -8.659  -8.341  -8.341  -9.065   13    4    3    3    5 -91942.826   12    4    3    3    5 -91953.955   13    4    3    3    5 -91966.074   14    4    3    3    5 -91984.412   1.000   0.200   3.895   8.000   8.000   8.000   8.000 
 171: -91819.699 -96.305  -8.659  -8.341  -8.341  -9.065   13    4    3    3    5 -91950.410   12    4    3    3    5 -91952.559   13    4    3    3    5 -91970.470   14    4    3    3    5 -91977.399   1.000   0.200   2.552   8.000   8.000   8.000   8.000 
 172: -91818.095 -93.340  -8.659  -8.341  -8.341  -9.065   12    4    3    3    5 -91945.842   12    4    3    3    5 -91951.705   12    4    3    3    5 -91969.255   14    4    3    3    5 -92022.250   1.000   0.200   2.993   8.000   8.000   8.000   8.000 
 173: -91818.133 -95.262  -8.659  -8.341  -8.341  -9.065   12    4    3    3    5 -91947.800   14    4    3    3    5 -91969.776   11    4    3    3    5 -91991.595   16    4    3    3    5 -92016.174   1.000   0.200   2.623   8.000   8.000   8.000   8.000 
 174: -91818.194 -96.258  -8.659  -8.341  -8.341  -9.065   14    4    3    3    5 -91948.858   14    4    3    3    5 -91949.885   13    4    3    3    5 -91979.808   16    4    3    3    5 -92019.344   1.000   0.200   3.346   8.000   8.000   8.000   8.000 
 175: -91819.038 -96.255  -8.659  -8.341  -8.341  -9.065   12    4    3    3    5 -91949.700   13    4    3    3    5 -91955.877   13    4    3    3    5 -91968.451   15    4    3    3    5 -92006.210   1.000   0.200   2.339   8.000   8.000   8.000   8.000 
 176: -91820.728 -99.603  -8.659  -8.341  -8.341  -9.065   12    4    3    3    5 -91954.737   14    4    3    3    5 -91962.622   12    4    3    3    5 -91985.089   13    4    3    3    5 -92016.974   1.000   0.200   3.682   8.000   8.000   8.000   8.000 
 177: -91817.518 -97.574  -8.659  -8.341  -8.341  -9.065   12    4    3    3    5 -91949.498   13    4    3    3    5 -91967.793   12    4    3    3    5 -91976.159   13    4    3    3    5 -91984.162   1.000   0.200   2.726   8.000   8.000   8.000   8.000 
 178: -91815.580 -96.176  -8.659  -8.341  -8.341  -9.065   11    4    3    3    5 -91946.162   15    4    3    3    5 -91957.950   15    4    3    3    5 -91969.192   14    4    3    3    5 -91993.348   1.000   0.200   4.203   8.000   8.000   8.000   8.000 
 179: -91818.487 -97.125  -8.659  -8.341  -8.341  -9.065   12    4    3    3    5 -91950.018   12    4    3    3    5 -91963.998   13    4    3    3    5 -91971.952   14    4    3    3    5 -92021.134   1.000   0.200   4.066   8.000   8.000   8.000   8.000 
 180: -91817.577 -93.128  -8.659  -8.341  -8.341  -9.065   12    4    3    3    5 -91945.111   12    4    3    3    5 -91958.872   14    4    3    3    5 -91970.601   14    4    3    3    5 -92011.901   1.000   0.200   4.199   8.000   8.000   8.000   8.000 
 181: -91814.919 -96.608  -8.659  -8.341  -8.341  -9.065   11    4    3    3    5 -91945.932   15    4    3    3    5 -91960.901   13    4    3    3    5 -91968.371   13    4    3    3    5 -91985.962   1.000   0.200   4.895   8.000   8.000   8.000   8.000 
 182: -91816.137 -100.379  -8.659  -8.341  -8.341  -9.065   15    4    3    3    5 -91950.922   13    4    3    3    5 -91948.550   14    4    3    3    5 -91974.168   15    4    3    3    5 -92007.216   1.000   0.200   1.722   8.000   8.000   8.000   8.000 
 183: -91814.013 -98.079  -8.659  -8.341  -8.341  -9.065   12    4    3    3    5 -91946.498   13    4    3    3    5 -91959.070   12    4    3    3    5 -91997.729   13    4    3    3    5 -91998.323   1.000   0.200   3.318   8.000   8.000   8.000   8.000 
 184: -91812.921 -98.183  -8.659  -8.341  -8.341  -9.065   13    4    3    3    5 -91945.510   14    4    3    3    5 -91968.410   12    4    3    3    5 -91964.069   14    4    3    3    5 -92017.231   1.000   0.200   4.788   8.000   8.000   8.000   8.000 
 185: -91813.949 -97.171  -8.659  -8.341  -8.341  -9.065   12    4    3    3    5 -91945.527   12    4    3    3    5 -91975.564   13    4    3    3    5 -91994.510   13    4    3    3    5 -91995.313   1.000   0.200   2.383   8.000   8.000   8.000   8.000 
 186: -91817.548 -96.685  -8.659  -8.341  -8.341  -9.065   12    4    3    3    5 -91948.640   15    4    3    3    5 -91965.840   13    4    3    3    5 -92003.713   14    4    3    3    5 -91998.921   1.000   0.200   3.562   8.000   8.000   8.000   8.000 
 187: -91813.464 -98.397  -8.659  -8.341  -8.341  -9.065   13    4    3    3    5 -91946.267   15    4    3    3    5 -91973.378   14    4    3    3    5 -91962.784   14    4    3    3    5 -92029.140   1.000   0.200   3.573   8.000   8.000   8.000   8.000 
 188: -91814.013 -96.104  -8.659  -8.341  -8.341  -9.065   13    4    3    3    5 -91944.523   13    4    3    3    5 -91970.851   13    4    3    3    5 -91976.836   15    4    3    3    5 -91995.007   1.000   0.200   3.232   8.000   8.000   8.000   8.000 
 189: -91814.677 -93.353  -8.659  -8.341  -8.341  -9.065   12    4    3    3    5 -91942.435   12    4    3    3    5 -91973.641   13    4    3    3    5 -91967.016   17    4    3    3    5 -92011.910   1.000   0.200   2.775   8.000   8.000   8.000   8.000 
 190: -91813.949 -97.295  -8.659  -8.341  -8.341  -9.065   11    4    3    3    5 -91945.651   13    4    3    3    5 -91965.194   13    4    3    3    5 -91989.012   15    4    3    3    5 -92019.394   1.000   0.200   2.655   8.000   8.000   8.000   8.000 
 191: -91812.921 -97.691  -8.659  -8.341  -8.341  -9.065   11    4    3    3    5 -91945.018   13    4    3    3    5 -91971.110   13    4    3    3    5 -91976.703   13    4    3    3    5 -92009.464   1.000   0.200   5.199   8.000   8.000   8.000   8.000 
 192: -91812.921 -95.619  -8.659  -8.341  -8.341  -9.065   13    4    3    3    5 -91942.946   13    4    3    3    5 -91964.348   14    4    3    3    5 -91963.843   14    4    3    3    5 -91990.560   1.000   0.200   2.047   8.000   8.000   8.000   8.000 
 193: -91818.428 -93.653  -8.659  -8.341  -8.341  -9.065   12    4    3    3    5 -91946.486   12    4    3    3    5 -91971.316   13    4    3    3    5 -91989.742   14    4    3    3    5 -91998.199   1.000   0.200   1.997   8.000   8.000   8.000   8.000 
 194: -91816.414 -96.411  -8.659  -8.341  -8.341  -9.065   10    4    3    3    5 -91947.231   12    4    3    3    5 -91954.901   14    4    3    3    5 -91971.002   14    4    3    3    5 -91972.993   1.000   0.200   1.912   8.000   8.000   8.000   8.000 
 195: -91814.013 -94.937  -8.659  -8.341  -8.341  -9.065   12    4    3    3    5 -91943.356   14    4    3    3    5 -91954.959   13    4    3    3    5 -91980.096   15    4    3    3    5 -91998.789   1.000   0.200   1.488   8.000   8.000   8.000   8.000 
 196: -91814.013 -97.871  -8.659  -8.341  -8.341  -9.065   11    4    3    3    5 -91946.290   12    4    3    3    5 -91961.921   13    4    3    3    5 -91969.873   13    4    3    3    5 -92020.976   1.000   0.200   1.510   8.000   8.000   8.000   8.000 
 197: -91816.011 -94.757  -8.659  -8.341  -8.341  -9.065   10    4    3    3    5 -91945.174   13    4    3    3    5 -91969.320   14    4    3    3    5 -91977.347   17    4    3    3    5 -92048.225   1.000   0.200   2.216   8.000   8.000   8.000   8.000 
 198: -91814.013 -96.204  -8.659  -8.341  -8.341  -9.065   12    4    3    3    5 -91944.623   15    4    3    3    5 -91951.911   14    4    3    3    5 -91983.514   14    4    3    3    5 -92081.667   1.000   0.200   1.527   8.000   8.000   8.000   8.000 
 199: -91812.921 -95.375  -8.659  -8.341  -8.341  -9.065   12    4    3    3    5 -91942.702   13    4    3    3    5 -91955.122   16    4    3    3    5 -91976.416   15    4    3    3    5 -92018.455   1.000   0.200   2.000   8.000   8.000   8.000   8.000 
 200: -91816.591 -95.499  -8.659  -8.341  -8.341  -9.065   10    4    3    3    5 -91946.496   15    4    3    3    5 -91950.547   14    4    3    3    5 -91998.859   15    4    3    3    5 -91983.951   1.000   0.200   2.563   8.000   8.000   8.000   8.000 
 201: -91814.677 -97.286  -8.659  -8.341  -8.341  -9.065   11    4    3    3    5 -91946.369   14    4    3    3    5 -91954.571   13    4    3    3    5 -91982.240   15    4    3    3    5 -92005.476   1.000   0.200   4.145   8.000   8.000   8.000   8.000 
 202: -91812.921 -95.415  -8.659  -8.341  -8.341  -9.065   12    4    3    3    5 -91942.742   10    4    3    3    5 -91960.120   13    4    3    3    5 -91985.118   13    4    3    3    5 -91975.101   1.000   0.200   4.450   8.000   8.000   8.000   8.000 
 203: -91818.194 -95.294  -8.659  -8.341  -8.341  -9.065   13    4    3    3    5 -91947.894   14    4    3    3    5 -91977.115   13    4    3    3    5 -91968.006   14    4    3    3    5 -91994.386   1.000   0.200   2.334   8.000   8.000   8.000   8.000 
 204: -91818.194 -98.245  -8.659  -8.341  -8.341  -9.065   12    4    3    3    5 -91950.844   13    4    3    3    5 -91962.636   14    4    3    3    5 -91973.140   14    4    3    3    5 -92023.061   1.000   0.200   2.014   8.000   8.000   8.000   8.000 
 205: -91819.038 -96.676  -8.659  -8.341  -8.341  -9.065   11    4    3    3    5 -91950.121   14    4    3    3    5 -91959.780   15    4    3    3    5 -91984.707   13    4    3    3    5 -91967.505   1.000   0.200   1.437   8.000   8.000   8.000   8.000 
 206: -91819.124 -97.377  -8.659  -8.341  -8.341  -9.065   12    4    3    3    5 -91950.907   13    4    3    3    5 -91968.491   14    4    3    3    5 -91980.454   11    4    3    3    5 -91966.583   1.000   0.200   1.427   8.000   8.000   8.000   8.000 
 207: -91819.829 -98.101  -8.659  -8.341  -8.341  -9.065   12    4    3    3    5 -91952.335   13    4    3    3    5 -91953.592   12    4    3    3    5 -91970.096   13    4    3    3    5 -91993.192   1.000   0.200   1.694   8.000   8.000   8.000   8.000 
 208: -91821.200 -97.865  -8.659  -8.341  -8.341  -9.065   12    4    3    3    5 -91953.471   12    4    3    3    5 -91956.616   15    4    3    3    5 -91990.911   12    4    3    3    5 -92010.205   1.000   0.200   2.157   8.000   8.000   8.000   8.000 
 209: -91818.013 -97.360  -8.659  -8.341  -8.341  -9.065   12    4    3    3    5 -91949.779   12    4    3    3    5 -91959.627   13    4    3    3    5 -91960.903   14    4    3    3    5 -92001.109   1.000   0.200   3.584   8.000   8.000   8.000   8.000 
 210: -91812.921 -96.263  -8.659  -8.341  -8.341  -9.065   12    4    3    3    5 -91943.590   10    4    3    3    5 -91952.344   12    4    3    3    5 -91980.007   16    4    3    3    5 -92031.964   1.000   0.200   4.886   8.000   8.000   8.000   8.000 
 211: -91814.013 -95.712  -8.659  -8.341  -8.341  -9.065   13    4    3    3    5 -91944.131   11    4    3    3    5 -91955.412   13    4    3    3    5 -91974.146   15    4    3    3    5 -91963.961   1.000   0.200   5.947   8.000   8.000   8.000   8.000 
 212: -91814.013 -94.748  -8.659  -8.341  -8.341  -9.065   11    4    3    3    5 -91943.167   11    4    3    3    5 -91956.512   13    4    3    3    5 -91976.971   15    4    3    3    5 -91990.932   1.000   0.200   4.161   8.000   8.000   8.000   8.000 
 213: -91815.042 -100.527  -8.659  -8.341  -8.341  -9.065   13    4    3    3    5 -91949.975   12    4    3    3    5 -91958.396   14    4    3    3    5 -91980.935   15    4    3    3    5 -91997.101   1.000   0.200   4.104   8.000   8.000   8.000   8.000 
 214: -91813.949 -98.282  -8.659  -8.341  -8.341  -9.065   14    4    3    3    5 -91946.638   12    4    3    3    5 -91956.952   13    4    3    3    5 -91971.611   15    4    3    3    5 -91991.333   1.000   0.200   3.892   8.000   8.000   8.000   8.000 
 215: -91812.921 -95.990  -8.659  -8.341  -8.341  -9.065   12    4    3    3    5 -91943.316   12    4    3    3    5 -91969.123   12    4    3    3    5 -91966.262   14    4    3    3    5 -91969.812   1.000   0.200   2.993   8.000   8.000   8.000   8.000 
 216: -91816.489 -96.065  -8.659  -8.341  -8.341  -9.065   11    4    3    3    5 -91946.960   11    4    3    3    5 -91970.017   13    4    3    3    5 -91977.638   13    4    3    3    5 -92002.096   1.000   0.200   2.021   8.000   8.000   8.000   8.000 
 217: -91817.700 -95.544  -8.659  -8.341  -8.341  -9.065   14    4    3    3    5 -91947.650   13    4    3    3    5 -91986.053   15    4    3    3    5 -91994.784   12    4    3    3    5 -92033.852   1.000   0.200   3.318   8.000   8.000   8.000   8.000 
 218: -91816.672 -95.532  -8.659  -8.341  -8.341  -9.065   14    4    3    3    5 -91946.610   12    4    3    3    5 -91964.508   17    4    3    3    5 -92000.582   15    4    3    3    5 -91975.407   1.000   0.200   4.437   8.000   8.000   8.000   8.000 
 219: -91815.397 -97.177  -8.659  -8.341  -8.341  -9.065   12    4    3    3    5 -91946.981   13    4    3    3    5 -91959.434   14    4    3    3    5 -91982.978   13    4    3    3    5 -91972.778   1.000   0.200   4.496   8.000   8.000   8.000   8.000 
 220: -91815.397 -95.835  -8.659  -8.341  -8.341  -9.065   13    4    3    3    5 -91945.638   12    4    3    3    5 -91952.104   13    4    3    3    5 -91984.141   12    4    3    3    5 -91992.517   1.000   0.200   4.727   8.000   8.000   8.000   8.000 
 221: -91816.489 -96.163  -8.659  -8.341  -8.341  -9.065   15    4    3    3    5 -91947.058   13    4    3    3    5 -91965.147   14    4    3    3    5 -91972.585   15    4    3    3    5 -92011.688   1.000   0.200   3.384   8.000   8.000   8.000   8.000 
 222: -91816.608 -98.087  -8.659  -8.341  -8.341  -9.065   14    4    3    3    5 -91949.102   13    4    3    3    5 -91962.790   12    4    3    3    5 -91981.914   12    4    3    3    5 -92016.701   1.000   0.200   3.343   8.000   8.000   8.000   8.000 
 223: -91814.677 -97.021  -8.659  -8.341  -8.341  -9.065   12    4    3    3    5 -91946.103   14    4    3    3    5 -91956.964   14    4    3    3    5 -91972.575   13    4    3    3    5 -91991.632   1.000   0.200   5.453   8.000   8.000   8.000   8.000 
 224: -91812.921 -94.953  -8.659  -8.341  -8.341  -9.065   13    4    3    3    5 -91942.280   14    4    3    3    5 -91972.137   12    4    3    3    5 -91981.589   14    4    3    3    5 -91988.576   1.000   0.200   3.610   8.000   8.000   8.000   8.000 
 225: -91812.921 -95.808  -8.659  -8.341  -8.341  -9.065   12    4    3    3    5 -91943.135   11    4    3    3    5 -91966.946   14    4    3    3    5 -91985.442   14    4    3    3    5 -92007.826   1.000   0.200   2.968   8.000   8.000   8.000   8.000 
 226: -91814.919 -94.348  -8.659  -8.341  -8.341  -9.065   11    4    3    3    5 -91943.672   11    4    3    3    5 -91968.638   14    4    3    3    5 -91985.572   14    4    3    3    5 -92011.545   1.000   0.200   2.121   8.000   8.000   8.000   8.000 
 227: -91816.414 -92.711  -8.659  -8.341  -8.341  -9.065   10    4    3    3    5 -91943.531   13    4    3    3    5 -91973.409   12    4    3    3    5 -91965.821   13    4    3    3    5 -91989.836   1.000   0.200   3.174   8.000   8.000   8.000   8.000 
 228: -91817.965 -96.003  -8.659  -8.341  -8.341  -9.065   10    4    3    3    5 -91948.374   13    4    3    3    5 -91953.165   14    4    3    3    5 -91961.976   12    4    3    3    5 -92008.588   1.000   0.200   2.166   8.000   8.000   8.000   8.000 
 229: -91814.919 -97.842  -8.659  -8.341  -8.341  -9.065   10    4    3    3    5 -91947.167   12    4    3    3    5 -91955.985   13    4    3    3    5 -91975.467   16    4    3    3    5 -91990.472   1.000   0.200   3.565   8.000   8.000   8.000   8.000 
 230: -91814.013 -97.089  -8.659  -8.341  -8.341  -9.065   12    4    3    3    5 -91945.508   13    4    3    3    5 -91962.661   14    4    3    3    5 -91984.271   16    4    3    3    5 -92012.214   1.000   0.200   5.421   8.000   8.000   8.000   8.000 
 231: -91814.013 -95.286  -8.659  -8.341  -8.341  -9.065   11    4    3    3    5 -91943.705   12    4    3    3    5 -91976.492   13    4    3    3    5 -91976.680   14    4    3    3    5 -91998.307   1.000   0.200   3.376   8.000   8.000   8.000   8.000 
 232: -91814.835 -98.539  -8.659  -8.341  -8.341  -9.065   12    4    3    3    5 -91947.781   15    4    3    3    5 -91970.101   14    4    3    3    5 -91983.945   13    4    3    3    5 -92019.972   1.000   0.200   3.816   8.000   8.000   8.000   8.000 
 233: -91812.921 -95.291  -8.659  -8.341  -8.341  -9.065   12    4    3    3    5 -91942.618   15    4    3    3    5 -91961.075   12    4    3    3    5 -91985.945   13    4    3    3    5 -91987.576   1.000   0.200   2.306   8.000   8.000   8.000   8.000 
 234: -91819.254 -92.413  -8.659  -8.341  -8.341  -9.065   12    4    3    3    5 -91946.073   13    4    3    3    5 -91965.054   13    4    3    3    5 -91991.785   14    4    3    3    5 -91999.016   1.000   0.200   2.274   8.000   8.000   8.000   8.000 
 235: -91817.700 -95.707  -8.659  -8.341  -8.341  -9.065   13    4    3    3    5 -91947.813   12    4    3    3    5 -91970.694   14    4    3    3    5 -91974.623   15    4    3    3    5 -91987.442   1.000   0.200   3.792   8.000   8.000   8.000   8.000 
 236: -91817.005 -100.018  -8.659  -8.341  -8.341  -9.065   12    4    3    3    5 -91951.430   14    4    3    3    5 -91973.135   13    4    3    3    5 -91977.367   14    4    3    3    5 -91972.634   1.000   0.200   3.111   8.000   8.000   8.000   8.000 
 237: -91817.577 -94.701  -8.659  -8.341  -8.341  -9.065   11    4    3    3    5 -91946.684   12    4    3    3    5 -91971.451   13    4    3    3    5 -92000.347   13    4    3    3    5 -91972.183   1.000   0.200   2.149   8.000   8.000   8.000   8.000 
 238: -91816.672 -95.418  -8.659  -8.341  -8.341  -9.065   11    4    3    3    5 -91946.496   13    4    3    3    5 -91964.300   13    4    3    3    5 -91966.710   13    4    3    3    5 -91985.523   1.000   0.200   2.491   8.000   8.000   8.000   8.000 
 239: -91812.921 -94.031  -8.659  -8.341  -8.341  -9.065   12    4    3    3    5 -91941.358   13    4    3    3    5 -91967.793   14    4    3    3    5 -91978.548   13    4    3    3    5 -92018.257   1.000   0.200   2.841   8.000   8.000   8.000   8.000 
 240: -91814.013 -94.027  -8.659  -8.341  -8.341  -9.065   12    4    3    3    5 -91942.446   13    4    3    3    5 -91966.179   13    4    3    3    5 -91984.838   15    4    3    3    5 -91998.011   1.000   0.200   2.376   8.000   8.000   8.000   8.000 
 241: -91814.013 -95.102  -8.659  -8.341  -8.341  -9.065   12    4    3    3    5 -91943.521   14    4    3    3    5 -91985.438   14    4    3    3    5 -91967.348   13    4    3    3    5 -92017.299   1.000   0.200   2.612   8.000   8.000   8.000   8.000 
 242: -91814.013 -96.369  -8.659  -8.341  -8.341  -9.065   13    4    3    3    5 -91944.788   14    4    3    3    5 -91974.899   14    4    3    3    5 -91981.236   12    4    3    3    5 -91988.379   1.000   0.200   2.442   8.000   8.000   8.000   8.000 
 243: -91812.921 -97.799  -8.659  -8.341  -8.341  -9.065   11    4    3    3    5 -91945.126   16    4    3    3    5 -91964.229   15    4    3    3    5 -91985.296   12    4    3    3    5 -92015.764   1.000   0.200   2.935   8.000   8.000   8.000   8.000 
 244: -91814.835 -96.579  -8.659  -8.341  -8.341  -9.065   12    4    3    3    5 -91945.820   13    4    3    3    5 -91966.658   13    4    3    3    5 -92004.362   13    4    3    3    5 -92014.607   1.000   0.200   3.722   8.000   8.000   8.000   8.000 
 245: -91817.506 -93.443  -8.659  -8.341  -8.341  -9.065   11    4    3    3    5 -91945.355   14    4    3    3    5 -91978.701   13    4    3    3    5 -91985.676   15    4    3    3    5 -91988.024   1.000   0.200   3.151   8.000   8.000   8.000   8.000 
 246: -91815.651 -96.056  -8.659  -8.341  -8.341  -9.065   11    4    3    3    5 -91946.113   14    4    3    3    5 -91958.867   12    4    3    3    5 -91969.055   13    4    3    3    5 -92001.881   1.000   0.200   3.558   8.000   8.000   8.000   8.000 
 247: -91817.494 -96.643  -8.659  -8.341  -8.341  -9.065   10    4    3    3    5 -91948.542   12    4    3    3    5 -91974.395   12    4    3    3    5 -91986.735   13    4    3    3    5 -91965.633   1.000   0.200   2.594   8.000   8.000   8.000   8.000 
 248: -91813.949 -99.093  -8.659  -8.341  -8.341  -9.065   13    4    3    3    5 -91947.448   13    4    3    3    5 -91967.641   13    4    3    3    5 -91990.619   12    4    3    3    5 -92008.093   1.000   0.200   3.175   8.000   8.000   8.000   8.000 
 249: -91812.921 -98.649  -8.659  -8.341  -8.341  -9.065   13    4    3    3    5 -91945.976   13    4    3    3    5 -91957.740   13    4    3    3    5 -91978.712   14    4    3    3    5 -92032.043   1.000   0.200   4.465   8.000   8.000   8.000   8.000 
 250: -91814.013 -93.592  -8.659  -8.341  -8.341  -9.065   14    4    3    3    5 -91942.012   13    4    3    3    5 -91965.622   12    4    3    3    5 -91976.202   12    4    3    3    5 -91995.233   1.000   0.200   3.134   8.000   8.000   8.000   8.000 
 251: -91812.921 -98.906  -8.659  -8.341  -8.341  -9.065   12    4    3    3    5 -91946.233   13    4    3    3    5 -91982.663   12    4    3    3    5 -92006.339   13    4    3    3    5 -92007.705   1.000   0.200   2.273   8.000   8.000   8.000   8.000 
 252: -91814.013 -97.138  -8.659  -8.341  -8.341  -9.065   12    4    3    3    5 -91945.558   14    4    3    3    5 -91971.832   11    4    3    3    5 -91971.924   13    4    3    3    5 -91999.082   1.000   0.200   1.823   8.000   8.000   8.000   8.000 
 253: -91819.730 -97.902  -8.659  -8.341  -8.341  -9.065   13    4    3    3    5 -91952.038   15    4    3    3    5 -91973.177   11    4    3    3    5 -91984.653   13    4    3    3    5 -92020.946   1.000   0.200   2.736   8.000   8.000   8.000   8.000 
 254: -91815.580 -97.494  -8.659  -8.341  -8.341  -9.065   13    4    3    3    5 -91947.480   12    4    3    3    5 -91971.946   13    4    3    3    5 -91982.686   14    4    3    3    5 -92000.500   1.000   0.200   1.529   8.000   8.000   8.000   8.000 
 255: -91812.921 -97.501  -8.659  -8.341  -8.341  -9.065   11    4    3    3    5 -91944.828   16    4    3    3    5 -91972.792   13    4    3    3    5 -91974.331   15    4    3    3    5 -92020.119   1.000   0.200   3.583   8.000   8.000   8.000   8.000 
 256: -91812.921 -98.018  -8.659  -8.341  -8.341  -9.065   12    4    3    3    5 -91945.345   12    4    3    3    5 -91975.507   13    4    3    3    5 -91985.418   11    4    3    3    5 -92009.207   1.000   0.200   3.588   8.000   8.000   8.000   8.000 
 257: -91812.921 -96.729  -8.659  -8.341  -8.341  -9.065   11    4    3    3    5 -91944.056   13    4    3    3    5 -91964.223   12    4    3    3    5 -91987.034   13    4    3    3    5 -92004.388   1.000   0.200   3.711   8.000   8.000   8.000   8.000 
 258: -91812.921 -96.429  -8.659  -8.341  -8.341  -9.065   13    4    3    3    5 -91943.756   14    4    3    3    5 -91966.014   14    4    3    3    5 -91987.056   11    4    3    3    5 -91992.424   1.000   0.200   2.432   8.000   8.000   8.000   8.000 
 259: -91812.921 -95.911  -8.659  -8.341  -8.341  -9.065   10    4    3    3    5 -91943.238   13    4    3    3    5 -91960.410   13    4    3    3    5 -91982.560   13    4    3    3    5 -91975.153   1.000   0.200   1.513   8.000   8.000   8.000   8.000 
 260: -91812.921 -97.504  -8.659  -8.341  -8.341  -9.065   11    4    3    3    5 -91944.831   14    4    3    3    5 -91963.838   12    4    3    3    5 -91992.415   13    4    3    3    5 -91983.218   1.000   0.200   3.727   8.000   8.000   8.000   8.000 
 261: -91814.677 -92.407  -8.659  -8.341  -8.341  -9.065   12    4    3    3    5 -91941.490   14    4    3    3    5 -91968.027   14    4    3    3    5 -91989.619   14    4    3    3    5 -91993.620   1.000   0.200   2.968   8.000   8.000   8.000   8.000 
 262: -91812.921 -100.298  -8.659  -8.341  -8.341  -9.065   12    4    3    3    5 -91947.625   12    4    3    3    5 -91963.132   15    4    3    3    5 -91987.346   14    4    3    3    5 -91984.701   1.000   0.200   4.636   8.000   8.000   8.000   8.000 
 263: -91813.464 -96.561  -8.659  -8.341  -8.341  -9.065   13    4    3    3    5 -91944.431   13    4    3    3    5 -91972.667   12    4    3    3    5 -92000.731   11    4    3    3    5 -91968.731   1.000   0.200   4.450   8.000   8.000   8.000   8.000 
 264: -91815.042 -95.338  -8.659  -8.341  -8.341  -9.065   14    4    3    3    5 -91944.786   11    4    3    3    5 -91959.841   12    4    3    3    5 -91995.863   13    4    3    3    5 -92015.316   1.000   0.200   5.107   8.000   8.000   8.000   8.000 
 265: -91813.949 -98.637  -8.659  -8.341  -8.341  -9.065   14    4    3    3    5 -91946.993   15    4    3    3    5 -91960.691   12    4    3    3    5 -91979.737   15    4    3    3    5 -92000.843   1.000   0.200   4.676   8.000   8.000   8.000   8.000 
 266: -91812.921 -98.464  -8.659  -8.341  -8.341  -9.065   13    4    3    3    5 -91945.791   14    4    3    3    5 -91961.458   16    4    3    3    5 -91975.764   15    4    3    3    5 -91986.602   1.000   0.200   4.138   8.000   8.000   8.000   8.000 
 267: -91815.042 -98.864  -8.659  -8.341  -8.341  -9.065   13    4    3    3    5 -91948.312   14    4    3    3    5 -91968.338   13    4    3    3    5 -91977.761   16    4    3    3    5 -91975.565   1.000   0.200   4.127   8.000   8.000   8.000   8.000 
 268: -91814.013 -98.097  -8.659  -8.341  -8.341  -9.065   12    4    3    3    5 -91946.517   13    4    3    3    5 -91962.827   12    4    3    3    5 -91965.784   14    4    3    3    5 -91981.129   1.000   0.200   5.060   8.000   8.000   8.000   8.000 
 269: -91812.921 -94.914  -8.659  -8.341  -8.341  -9.065   13    4    3    3    5 -91942.241   14    4    3    3    5 -91958.411   14    4    3    3    5 -91978.663   13    4    3    3    5 -91975.605   1.000   0.200   2.126   8.000   8.000   8.000   8.000 
 270: -91814.835 -99.889  -8.659  -8.341  -8.341  -9.065   10    4    3    3    5 -91949.130   12    4    3    3    5 -91962.029   14    4    3    3    5 -91988.693   14    4    3    3    5 -91973.394   1.000   0.200   3.283   8.000   8.000   8.000   8.000 
 271: -91814.013 -96.409  -8.659  -8.341  -8.341  -9.065   12    4    3    3    5 -91944.828   12    4    3    3    5 -91955.349   13    4    3    3    5 -91977.601   15    4    3    3    5 -91995.749   1.000   0.200   2.421   8.000   8.000   8.000   8.000 
 272: -91814.919 -95.589  -8.659  -8.341  -8.341  -9.065   13    4    3    3    5 -91944.914   12    4    3    3    5 -91957.524   12    4    3    3    5 -91973.873   12    4    3    3    5 -91972.691   1.000   0.200   2.281   8.000   8.000   8.000   8.000 
 273: -91814.677 -97.032  -8.659  -8.341  -8.341  -9.065   12    4    3    3    5 -91946.115   12    4    3    3    5 -91967.148   12    4    3    3    5 -91979.711   13    4    3    3    5 -91979.434   1.000   0.200   2.537   8.000   8.000   8.000   8.000 
 274: -91819.774 -101.269  -8.659  -8.341  -8.341  -9.065   12    4    3    3    5 -91955.448   13    4    3    3    5 -91944.382   13    4    3    3    5 -91976.180   13    4    3    3    5 -91990.058   1.000   0.200   2.965   8.000   8.000   8.000   8.000 
 275: -91820.318 -101.629  -8.659  -8.341  -8.341  -9.065   12    4    3    3    5 -91956.352   12    4    3    3    5 -91952.301   13    4    3    3    5 -91982.609   15    4    3    3    5 -92033.305   1.000   0.200   2.309   8.000   8.000   8.000   8.000 
 276: -91817.534 -100.666  -8.659  -8.341  -8.341  -9.065   12    4    3    3    5 -91952.606   13    4    3    3    5 -91979.615   14    4    3    3    5 -91986.181   15    4    3    3    5 -91995.317   1.000   0.200   2.034   8.000   8.000   8.000   8.000 
 277: -91819.774 -100.202  -8.659  -8.341  -8.341  -9.065   10    4    3    3    5 -91954.381   14    4    3    3    5 -91976.548   13    4    3    3    5 -91976.211   13    4    3    3    5 -91986.574   1.000   0.200   2.206   8.000   8.000   8.000   8.000 
 278: -91818.461 -101.076  -8.659  -8.341  -8.341  -9.065   12    4    3    3    5 -91953.943   12    4    3    3    5 -91954.776   12    4    3    3    5 -91980.155   15    4    3    3    5 -91995.599   1.000   0.200   1.918   8.000   8.000   8.000   8.000 
 279: -91817.534 -100.024  -8.659  -8.341  -8.341  -9.065   12    4    3    3    5 -91951.964    9    4    3    3    5 -91955.879   15    4    3    3    5 -91986.435   12    4    3    3    5 -91970.989   1.000   0.200   2.082   8.000   8.000   8.000   8.000 
 280: -91821.410 -96.820  -8.659  -8.341  -8.341  -9.065   11    4    3    3    5 -91952.636   11    4    3    3    5 -91949.145   12    4    3    3    5 -91990.210   15    4    3    3    5 -91991.925   1.000   0.200   2.006   8.000   8.000   8.000   8.000 
 281: -91821.944 -99.181  -8.659  -8.341  -8.341  -9.065   12    4    3    3    5 -91955.531   12    4    3    3    5 -91948.560   14    4    3    3    5 -91963.961   12    4    3    3    5 -92008.766   1.000   0.200   1.510   8.000   8.000   8.000   8.000 
 282: -91821.355 -101.619  -8.659  -8.341  -8.341  -9.065   11    4    3    3    5 -91957.380   12    4    3    3    5 -91951.743   13    4    3    3    5 -91967.287   12    4    3    3    5 -91983.818   1.000   0.200   3.548   8.000   8.000   8.000   8.000 
 283: -91821.172 -96.652  -8.659  -8.341  -8.341  -9.065   12    4    3    3    5 -91952.230   12    4    3    3    5 -91954.516   13    4    3    3    5 -91956.659   12    4    3    3    5 -92000.659   1.000   0.200   4.182   8.000   8.000   8.000   8.000 
 284: -91821.015 -99.872  -8.659  -8.341  -8.341  -9.065   12    4    3    3    5 -91955.294   14    4    3    3    5 -91960.741   14    4    3    3    5 -91973.352   17    4    3    3    5 -92013.134   1.000   0.200   5.448   8.000   8.000   8.000   8.000 
 285: -91819.152 -98.071  -8.659  -8.341  -8.341  -9.065   12    4    3    3    5 -91951.630   11    4    3    3    5 -91954.524   15    4    3    3    5 -91991.298   14    4    3    3    5 -91991.793   1.000   0.200   4.226   8.000   8.000   8.000   8.000 
 286: -91822.607 -98.605  -8.659  -8.341  -8.341  -9.065   13    4    3    3    5 -91955.618   13    4    3    3    5 -91954.154   15    4    3    3    5 -91983.856   15    4    3    3    5 -91986.580   1.000   0.200   5.702   8.000   8.000   8.000   8.000 
 287: -91817.534 -102.731  -8.659  -8.341  -8.341  -9.065   14    4    3    3    5 -91954.671   14    4    3    3    5 -91951.681   14    4    3    3    5 -91973.454   14    4    3    3    5 -91984.826   1.000   0.200   3.043   8.000   8.000   8.000   8.000 
 288: -91825.985 -101.180  -8.659  -8.341  -8.341  -9.065   12    4    3    3    5 -91961.571   12    4    3    3    5 -91953.077   13    4    3    3    5 -91988.861   12    4    3    3    5 -91970.966   1.000   0.200   1.633   8.000   8.000   8.000   8.000 
 289: -91820.874 -102.228  -8.659  -8.341  -8.341  -9.065   13    4    3    3    5 -91957.508   13    4    3    3    5 -91951.029   12    4    3    3    5 -91972.691   13    4    3    3    5 -91977.214   1.000   0.200   3.298   8.000   8.000   8.000   8.000 
 290: -91826.174 -98.447  -8.659  -8.341  -8.341  -9.065   12    4    3    3    5 -91959.027   14    4    3    3    5 -91955.715   12    4    3    3    5 -91970.898   14    4    3    3    5 -92003.344   1.000   0.200   4.844   8.000   8.000   8.000   8.000 
   0: -106010.194 -28.763  -8.659  -8.341  -8.341  -9.065    1    4    3    3    5 -106073.363    1    4    3    3    5 -106073.363    1    4    3    3    5 -106073.363    1    4    3    3    5 -106073.363   1.000   0.200   8.000   8.000   8.000   8.000   8.000 
   0: -106010.194 -28.763  -8.659  -8.341  -8.341  -9.065    1    4    3    3    5 -106073.363   1.000   0.200   8.000   8.000   8.000   8.000   8.000 
  18: -91817.547 -93.964  -8.659  -8.341  -8.341  -9.065   12    4    3    3    5 -91945.917   1.000   0.200   3.021   8.000   8.000   8.000   8.000 
  30: -91825.014 -100.142  -8.659  -8.341  -8.341  -9.065   15    4    3    3    5 -91959.562   1.000   0.200   4.129   8.000   8.000   8.000   8.000 
  41: -91825.976 -96.672  -8.659  -8.341  -8.341  -9.065   12    4    3    3    5 -91957.054   1.000   0.200   3.022   8.000   8.000   8.000   8.000 
  55: -91837.464 -97.060  -8.659  -8.341  -8.341  -9.065   13    4    3    3    5 -91968.930   1.000   0.200   3.377   8.000   8.000   8.000   8.000 
  73: -91817.547 -93.964  -8.659  -8.341  -8.341  -9.065   12    4    3    3    5 -91945.917   1.000   0.200   3.021   8.000   8.000   8.000   8.000 
  93: -91814.220 -92.608  -8.659  -8.341  -8.341  -9.065   13    4    3    3    5 -91941.235   1.000   0.200   3.380   8.000   8.000   8.000   8.000 
 104: -91831.269 -94.321  -8.659  -8.341  -8.341  -9.065   12    4    3    3    5 -91959.996   1.000   0.200   3.023   8.000   8.000   8.000   8.000 
 116: -91820.862 -92.294  -8.659  -8.341  -8.341  -9.065   14    4    3    3    5 -91947.562   1.000   0.200   3.749   8.000   8.000   8.000   8.000 
 127: -91825.976 -96.672  -8.659  -8.341  -8.341  -9.065   12    4    3    3    5 -91957.054   1.000   0.200   3.019   8.000   8.000   8.000   8.000 
 140: -91818.031 -94.177  -8.659  -8.341  -8.341  -9.065   13    4    3    3    5 -91946.614   1.000   0.200   3.378   8.000   8.000   8.000   8.000 
 152: -91823.165 -95.967  -8.659  -8.341  -8.341  -9.065   15    4    3    3    5 -91953.538   1.000   0.200   4.124   8.000   8.000   8.000   8.000 
 164: -91834.385 -94.532  -8.659  -8.341  -8.341  -9.065   15    4    3    3    5 -91963.323   1.000   0.200   4.131   8.000   8.000   8.000   8.000 
 175: -91825.976 -96.672  -8.659  -8.341  -8.341  -9.065   12    4    3    3    5 -91957.054   1.000   0.200   3.021   8.000   8.000   8.000   8.000 
 187: -91834.633 -95.825  -8.659  -8.341  -8.341  -9.065   12    4    3    3    5 -91964.864   1.000   0.200   3.020   8.000   8.000   8.000   8.000 
 200: -91834.891 -95.825  -8.659  -8.341  -8.341  -9.065   12    4    3    3    5 -91965.122   1.000   0.200   3.021   8.000   8.000   8.000   8.000 
 212: -91829.974 -97.418  -8.659  -8.341  -8.341  -9.065   14    4    3    3    5 -91961.798   1.000   0.200   3.751   8.000   8.000   8.000   8.000 
 223: -91825.976 -96.672  -8.659  -8.341  -8.341  -9.065   12    4    3    3    5 -91957.054   1.000   0.200   3.015   8.000   8.000   8.000   8.000 
 235: -91827.974 -95.546  -8.659  -8.341  -8.341  -9.065   14    4    3    3    5 -91957.926   1.000   0.200   3.748   8.000   8.000   8.000   8.000 
 247: -91832.765 -95.738  -8.659  -8.341  -8.341  -9.065   12    4    3    3    5 -91962.909   1.000   0.200   3.023   8.000   8.000   8.000   8.000 
 259: -91827.014 -91.132  -8.659  -8.341  -8.341  -9.065   13    4    3    3    5 -91952.552   1.000   0.200   3.384   8.000   8.000   8.000   8.000 
 271: -91821.116 -96.559  -8.659  -8.341  -8.341  -9.065   13    4    3    3    5 -91952.082   1.000   0.200   3.378   8.000   8.000   8.000   8.000 
 283: -91823.165 -95.967  -8.659  -8.341  -8.341  -9.065   15    4    3    3    5 -91953.538   1.000   0.200   4.129   8.000   8.000   8.000   8.000 
 295: -91834.438 -90.439  -8.659  -8.341  -8.341  -9.065   13    4    3    3    5 -91959.284   1.000   0.200   3.378   8.000   8.000   8.000   8.000 
 306: -91825.976 -96.672  -8.659  -8.341  -8.341  -9.065   12    4    3    3    5 -91957.054   1.000   0.200   3.025   8.000   8.000   8.000   8.000 
 318: -91834.438 -90.439  -8.659  -8.341  -8.341  -9.065   13    4    3    3    5 -91959.284   1.000   0.200   3.381   8.000   8.000   8.000   8.000 
 329: -91846.448 -94.033  -8.659  -8.341  -8.341  -9.065   12    4    3    3    5 -91974.888   1.000   0.200   3.023   8.000   8.000   8.000   8.000 
   0: -106010.194 -28.763  -8.659  -8.341  -8.341  -9.065    1    4    3    3    5 -106073.363    1    4    3    3    5 -106073.363    1    4    3    3    5 -106073.363    1    4    3    3    5 -106073.363    1    4    3    3    5 -106073.363    1    4    3    3    5 -106073.363    1    4    3    3    5 -106073.363    1    4    3    3    5 -106073.363   1.000   0.200   8.000   8.000   8.000   8.000   8.000 
   1: -92107.861 -107.730  -8.659  -8.341  -8.341  -9.065   15    4    3    3    5 -92249.998   16    4    3    3    5 -92203.451   14    4    3    3    5 -92167.493   16    4    3    3    5 -92252.361   15    4    3    3    5 -92289.797   11    4    3    3    5 -92342.767   14    4    3    3    5 -92280.095   13    4    3    3    5 -92487.221   1.000   0.200   5.836   8.000   8.000   8.000   8.000 
   2: -91846.573 -100.923  -8.659  -8.341  -8.341  -9.065   16    4    3    3    5 -91981.902   15    4    3    3    5 -92006.011   16    4    3    3    5 -92057.422   15    4    3    3    5 -92107.623   14    4    3    3    5 -92127.602   16    4    3    3    5 -92075.526   13    4    3    3    5 -92139.418   15    4    3    3    5 -92292.836   1.000   0.200   4.450   8.000   8.000   8.000   8.000 
   3: -91814.706 -98.567  -8.659  -8.341  -8.341  -9.065   13    4    3    3    5 -91947.679   15    4    3    3    5 -91992.317   14    4    3    3    5 -91995.583   14    4    3    3    5 -92108.898   13    4    3    3    5 -92106.072   15    4    3    3    5 -92179.286   14    4    3    3    5 -92123.445   14    4    3    3    5 -92324.084   1.000   0.200   5.244   8.000   8.000   8.000   8.000 
   4: -91814.706 -96.897  -8.659  -8.341  -8.341  -9.065   14    4    3    3    5 -91946.009   14    4    3    3    5 -91974.221   14    4    3    3    5 -92028.009   15    4    3    3    5 -92009.921   15    4    3    3    5 -92130.989   15    4    3    3    5 -92182.067   15    4    3    3    5 -92376.708   16    4    3    3    5 -92433.139   1.000   0.200   3.598   8.000   8.000   8.000   8.000 
   5: -91814.706 -100.363  -8.659  -8.341  -8.341  -9.065   13    4    3    3    5 -91949.475   15    4    3    3    5 -91999.739   15    4    3    3    5 -92016.207   15    4    3    3    5 -92068.177   15    4    3    3    5 -92044.656   15    4    3    3    5 -92146.019   16    4    3    3    5 -92153.763   17    4    3    3    5 -92363.903   1.000   0.200   2.412   8.000   8.000   8.000   8.000 
   6: -91816.620 -96.575  -8.659  -8.341  -8.341  -9.065   12    4    3    3    5 -91947.601   13    4    3    3    5 -92003.792   15    4    3    3    5 -92028.593   14    4    3    3    5 -92037.539   15    4    3    3    5 -92074.768   16    4    3    3    5 -92284.881   14    4    3    3    5 -92340.896   15    4    3    3    5 -92132.365   1.000   0.200   2.371   8.000   8.000   8.000   8.000 
   7: -91814.706 -97.151  -8.659  -8.341  -8.341  -9.065   14    4    3    3    5 -91946.263   15    4    3    3    5 -91990.149   12    4    3    3    5 -91986.931   15    4    3    3    5 -92102.527   16    4    3    3    5 -92182.621   16    4    3    3    5 -92152.125   14    4    3    3    5 -92094.185   16    4    3    3    5 -92422.992   1.000   0.200   5.179   8.000   8.000   8.000   8.000 
   8: -91818.815 -101.238  -8.659  -8.341  -8.341  -9.065   14    4    3    3    5 -91954.459   14    4    3    3    5 -91981.916   14    4    3    3    5 -92027.867   12    4    3    3    5 -92060.590   15    4    3    3    5 -92083.315   17    4    3    3    5 -92311.856   12    4    3    3    5 -92299.847   15    4    3    3    5 -92214.909   1.000   0.200   5.815   8.000   8.000   8.000   8.000 
   9: -91817.947 -98.257  -8.659  -8.341  -8.341  -9.065   16    4    3    3    5 -91950.610   13    4    3    3    5 -91996.866   12    4    3    3    5 -92017.966   15    4    3    3    5 -92073.686   17    4    3    3    5 -92134.049   14    4    3    3    5 -92208.626   15    4    3    3    5 -92135.921   15    4    3    3    5 -92295.200   1.000   0.200   4.626   8.000   8.000   8.000   8.000 
  10: -91825.164 -92.220  -8.659  -8.341  -8.341  -9.065   12    4    3    3    5 -91951.790   13    4    3    3    5 -91974.782   15    4    3    3    5 -91997.781   13    4    3    3    5 -92078.420   18    4    3    3    5 -92085.019   15    4    3    3    5 -92134.503   15    4    3    3    5 -92282.300   14    4    3    3    5 -92282.321   1.000   0.200   3.978   8.000   8.000   8.000   8.000 
  11: -91819.782 -94.569  -8.659  -8.341  -8.341  -9.065   13    4    3    3    5 -91948.758   13    4    3    3    5 -92003.082   14    4    3    3    5 -91998.701   14    4    3    3    5 -92038.880   16    4    3    3    5 -92133.812   18    4    3    3    5 -92225.761   15    4    3    3    5 -92355.914   18    4    3    3    5 -92367.740   1.000   0.200   5.255   8.000   8.000   8.000   8.000 
  12: -91818.072 -95.833  -8.659  -8.341  -8.341  -9.065   13    4    3    3    5 -91948.311   13    4    3    3    5 -91979.319   13    4    3    3    5 -92021.310   15    4    3    3    5 -92054.825   12    4    3    3    5 -92049.521   16    4    3    3    5 -92274.557   16    4    3    3    5 -92396.036   16    4    3    3    5 -92409.255   1.000   0.200   3.756   8.000   8.000   8.000   8.000 
  13: -91822.221 -92.942  -8.659  -8.341  -8.341  -9.065   11    4    3    3    5 -91949.569   12    4    3    3    5 -91988.824   19    4    3    3    5 -92011.418   12    4    3    3    5 -92031.912   15    4    3    3    5 -92143.682   18    4    3    3    5 -92186.101   17    4    3    3    5 -92386.152   15    4    3    3    5 -92168.499   1.000   0.200   1.968   8.000   8.000   8.000   8.000 
  14: -91823.500 -95.935  -8.659  -8.341  -8.341  -9.065   12    4    3    3    5 -91953.841   12    4    3    3    5 -91990.245   16    4    3    3    5 -92000.747   14    4    3    3    5 -92093.200   15    4    3    3    5 -92068.783   17    4    3    3    5 -92212.801   17    4    3    3    5 -92299.479   14    4    3    3    5 -92296.502   1.000   0.200   1.809   8.000   8.000   8.000   8.000 
  15: -91822.882 -97.532  -8.659  -8.341  -8.341  -9.065   12    4    3    3    5 -91954.820   13    4    3    3    5 -91982.404   13    4    3    3    5 -91998.546   15    4    3    3    5 -92088.643   13    4    3    3    5 -92114.803   17    4    3    3    5 -92156.230   17    4    3    3    5 -92178.047   18    4    3    3    5 -92285.412   1.000   0.200   2.108   8.000   8.000   8.000   8.000 
  16: -91819.782 -93.634  -8.659  -8.341  -8.341  -9.065   11    4    3    3    5 -91947.822   14    4    3    3    5 -91960.751   15    4    3    3    5 -92015.143   14    4    3    3    5 -92045.339   14    4    3    3    5 -92041.569   15    4    3    3    5 -92156.284   15    4    3    3    5 -92280.554   18    4    3    3    5 -92370.445   1.000   0.200   1.305   8.000   8.000   8.000   8.000 
  17: -91823.115 -94.190  -8.659  -8.341  -8.341  -9.065   10    4    3    3    5 -91951.711   12    4    3    3    5 -91963.962   11    4    3    3    5 -91981.578   13    4    3    3    5 -92068.823   17    4    3    3    5 -92167.992   16    4    3    3    5 -92117.275   17    4    3    3    5 -92292.547   21    4    3    3    5 -92497.940   1.000   0.200   1.882   8.000   8.000   8.000   8.000 
  18: -91821.510 -96.255  -8.659  -8.341  -8.341  -9.065   12    4    3    3    5 -91952.171   12    4    3    3    5 -91970.850   13    4    3    3    5 -91994.483   16    4    3    3    5 -92106.271   15    4    3    3    5 -92108.997   18    4    3    3    5 -92203.845   14    4    3    3    5 -92298.199   16    4    3    3    5 -92326.929   1.000   0.200   1.378   8.000   8.000   8.000   8.000 
  19: -91815.715 -95.545  -8.659  -8.341  -8.341  -9.065   12    4    3    3    5 -91945.667   12    4    3    3    5 -91969.365   13    4    3    3    5 -92001.159   16    4    3    3    5 -92095.875   14    4    3    3    5 -92130.142   18    4    3    3    5 -92286.191   15    4    3    3    5 -92258.755   18    4    3    3    5 -92406.179   1.000   0.200   1.861   8.000   8.000   8.000   8.000 
  20: -91814.220 -94.083  -8.659  -8.341  -8.341  -9.065   13    4    3    3    5 -91942.709   13    4    3    3    5 -91981.012   13    4    3    3    5 -92011.646   14    4    3    3    5 -92034.968   15    4    3    3    5 -92194.279   14    4    3    3    5 -92316.549   17    4    3    3    5 -92180.023   16    4    3    3    5 -92385.455   1.000   0.200   2.839   8.000   8.000   8.000   8.000 
  21: -91818.072 -96.340  -8.659  -8.341  -8.341  -9.065   13    4    3    3    5 -91948.818   14    4    3    3    5 -91971.173   15    4    3    3    5 -92040.448   15    4    3    3    5 -92041.857   13    4    3    3    5 -92103.783   16    4    3    3    5 -92269.618   16    4    3    3    5 -92333.288   19    4    3    3    5 -92401.521   1.000   0.200   2.033   8.000   8.000   8.000   8.000 
  22: -91819.583 -95.518  -8.659  -8.341  -8.341  -9.065   12    4    3    3    5 -91949.507   13    4    3    3    5 -91986.422   16    4    3    3    5 -92027.893   15    4    3    3    5 -92102.351   17    4    3    3    5 -92089.549   13    4    3    3    5 -92276.835   16    4    3    3    5 -92234.227   15    4    3    3    5 -92345.253   1.000   0.200   3.105   8.000   8.000   8.000   8.000 
