   0: -40219.721 -1940.803 -1041.659 -8996.836 -1717.345  -4.871  -4.178  -2.792  -2.792    1    4    3    3 -53930.998    1    4    3    3 -53930.998   1.000   0.200   1.000   0.200   1.000   0.200   1.000   0.200   1.000   0.200   1.000   1.000   1.000   1.000 
loop 0   1: -33925.201 -1247.056 -936.110 -6830.048 -1011.466 -110.893  -4.178  -2.792  -2.792   15    4    3    3 -44070.536   15    4    3    3 -44089.536   1.000   0.200   1.000   0.200   1.000   0.200   1.000   0.200   1.000   0.200   1.335   1.000   1.000   1.000 
loop 1   2: -33864.871 -1242.827 -937.526 -6808.781 -1016.466 -104.826  -4.178  -2.792  -2.792   14    4    3    3 -43985.059   18    4    3    3 -44004.621   1.000   0.200   1.000   0.200   1.000   0.200   1.000   0.200   1.000   0.200   3.087   1.000   1.000   1.000 
loop 2   3: -33845.211 -1242.827 -931.039 -6805.197 -1009.979 -101.335  -4.178  -2.792  -2.792   15    4    3    3 -43945.351   16    4    3    3 -43961.096   1.000   0.200   1.000   0.200   1.000   0.200   1.000   0.200   1.000   0.200   2.289   1.000   1.000   1.000 
loop 3****CS: 1.000000
   4: -33840.184 -1242.827 -931.039 -6808.165 -1009.979 -108.451  -4.178  -2.792  -2.792   15    4    3    3 -43950.407   13    4    3    3 -43951.761   1.000   0.200   1.000   0.200   1.000   0.200   1.000   0.200   1.000   0.200   3.188   1.000   1.000   1.000 
loop 4   5: -33839.484 -1242.827 -931.039 -6808.165 -1009.979 -109.153  -4.178  -2.792  -2.792   13    4    3    3 -43950.410   14    4    3    3 -43960.563   1.000   0.200   1.000   0.200   1.000   0.200   1.000   0.200   1.000   0.200   3.248   1.000   1.000   1.000 
loop 5****CS: 1.000000
   6: -33844.037 -1242.827 -931.039 -6805.197 -1009.979 -101.442  -4.178  -2.792  -2.792   16    4    3    3 -43944.285   12    4    3    3 -43951.769   1.000   0.200   1.000   0.200   1.000   0.200   1.000   0.200   1.000   0.200   7.098   1.000   1.000   1.000 
loop 6   7: -33842.915 -1242.827 -931.039 -6801.156 -1009.979 -101.758  -4.178  -2.792  -2.792   15    4    3    3 -43939.437   14    4    3    3 -43964.239   1.000   0.200   1.000   0.200   1.000   0.200   1.000   0.200   1.000   0.200   5.892   1.000   1.000   1.000 
loop 7   8: -33843.398 -1242.827 -931.039 -6800.911 -1009.979 -106.690  -4.178  -2.792  -2.792   15    4    3    3 -43944.607   13    4    3    3 -43946.584   1.000   0.200   1.000   0.200   1.000   0.200   1.000   0.200   1.000   0.200   2.545   1.000   1.000   1.000 
loop 8   9: -33839.166 -1242.827 -931.039 -6800.644 -1009.979 -101.600  -4.178  -2.792  -2.792   15    4    3    3 -43935.017   13    4    3    3 -43945.766   1.000   0.200   1.000   0.200   1.000   0.200   1.000   0.200   1.000   0.200   1.668   1.000   1.000   1.000 
loop 9****CS: 0.925520
  10: -33839.702 -1242.827 -931.039 -6804.579 -1009.979 -105.014  -4.178  -2.792  -2.792   14    4    3    3 -43942.902   16    4    3    3 -43943.046   1.000   0.200   1.000   0.200   1.000   0.200   1.000   0.200   1.000   0.200   3.497   1.000   1.000   1.000 
loop 10****CS: 1.000000
  11: -33839.940 -1242.827 -931.039 -6800.644 -1009.979 -100.422  -4.178  -2.792  -2.792   15    4    3    3 -43934.613   13    4    3    3 -43939.221   1.000   0.200   1.000   0.200   1.000   0.200   1.000   0.200   1.000   0.200   3.027   1.000   1.000   1.000 
loop 11****SM: 0.558200
  12: -33843.697 -1242.827 -931.039 -6797.221 -1009.979 -103.493  -4.178  -2.792  -2.792   14    4    3    3 -43938.019   14    4    3    3 -43947.862   1.000   0.200   1.000   0.200   1.000   0.200   1.000   0.200   1.000   0.200   2.320   1.000   1.000   1.000 
loop 12  13: -33840.133 -1242.827 -931.039 -6802.196 -1009.979 -103.522  -4.178  -2.792  -2.792   15    4    3    3 -43939.459   14    4    3    3 -43948.936   1.000   0.200   1.000   0.200   1.000   0.200   1.000   0.200   1.000   0.200   2.518   1.000   1.000   1.000 
loop 13  14: -33847.030 -1242.827 -931.039 -6797.221 -1009.979 -100.930  -4.178  -2.792  -2.792   16    4    3    3 -43938.788   15    4    3    3 -43951.410   1.000   0.200   1.000   0.200   1.000   0.200   1.000   0.200   1.000   0.200   2.945   1.000   1.000   1.000 
loop 14  15: -33839.166 -1242.827 -931.039 -6800.644 -1009.979 -105.957  -4.178  -2.792  -2.792   13    4    3    3 -43939.374   16    4    3    3 -43952.765   1.000   0.200   1.000   0.200   1.000   0.200   1.000   0.200   1.000   0.200   4.412   1.000   1.000   1.000 
loop 15  16: -33839.940 -1242.827 -931.039 -6800.644 -1009.979 -101.374  -4.178  -2.792  -2.792   15    4    3    3 -43935.566   16    4    3    3 -43942.919   1.000   0.200   1.000   0.200   1.000   0.200   1.000   0.200   1.000   0.200   4.385   1.000   1.000   1.000 
loop 16  17: -33843.883 -1242.827 -931.039 -6800.644 -1009.979 -101.980  -4.178  -2.792  -2.792   14    4    3    3 -43940.115   16    4    3    3 -43942.190   1.000   0.200   1.000   0.200   1.000   0.200   1.000   0.200   1.000   0.200   3.311   1.000   1.000   1.000 
loop 17****CS: 1.000000
  18: -33830.287 -1242.827 -931.039 -6804.067 -1009.979 -109.105  -4.178  -2.792  -2.792   15    4    3    3 -43937.067   16    4    3    3 -43942.758   1.000   0.200   1.000   0.200   1.000   0.200   1.000   0.200   1.000   0.200   6.219   1.000   1.000   1.000 
loop 18****SM: 0.964774
****CS: 0.038689
  19: -33842.286 -1242.827 -931.039 -6805.124 -1009.979 -106.198  -4.178  -2.792  -2.792   15    4    3    3 -43947.215   15    4    3    3 -43936.561   1.000   0.200   1.000   0.200   1.000   0.200   1.000   0.200   1.000   0.200   3.911   1.000   1.000   1.000 
loop 19  20: -33843.117 -1242.827 -931.039 -6801.554 -1009.979 -103.783  -4.178  -2.792  -2.792   14    4    3    3 -43942.061   16    4    3    3 -43942.537   1.000   0.200   1.000   0.200   1.000   0.200   1.000   0.200   1.000   0.200   3.210   1.000   1.000   1.000 
loop 20  21: -33843.990 -1242.827 -931.039 -6797.221 -1009.979 -101.774  -4.178  -2.792  -2.792   15    4    3    3 -43936.593   15    4    3    3 -43944.740   1.000   0.200   1.000   0.200   1.000   0.200   1.000   0.200   1.000   0.200   3.612   1.000   1.000   1.000 
loop 21****CS: 0.247605
  22: -33833.434 -1242.827 -927.617 -6810.395 -1006.396 -109.128  -4.178  -2.792  -2.792   14    4    3    3 -43939.559   14    4    3    3 -43935.999   1.000   0.200   1.000   0.200   1.000   0.200   1.000   0.200   1.000   0.200   2.804   1.000   1.000   1.000 
loop 22  23: -33838.528 -1242.827 -931.039 -6802.196 -1009.979 -108.221  -4.178  -2.792  -2.792   14    4    3    3 -43942.553   15    4    3    3 -43943.868   1.000   0.200   1.000   0.200   1.000   0.200   1.000   0.200   1.000   0.200   2.502   1.000   1.000   1.000 
loop 23  24: -33840.416 -1242.827 -931.039 -6800.864 -1009.979 -102.458  -4.178  -2.792  -2.792   16    4    3    3 -43937.346   15    4    3    3 -43947.552   1.000   0.200   1.000   0.200   1.000   0.200   1.000   0.200   1.000   0.200   3.980   1.000   1.000   1.000 
loop 24****CS: 1.000000
  25: -33842.915 -1242.827 -931.039 -6801.156 -1009.979 -100.718  -4.178  -2.792  -2.792   14    4    3    3 -43938.397   15    4    3    3 -43947.120   1.000   0.200   1.000   0.200   1.000   0.200   1.000   0.200   1.000   0.200   2.507   1.000   1.000   1.000 
loop 25  26: -33839.166 -1242.827 -931.039 -6800.644 -1009.979 -102.426  -4.178  -2.792  -2.792   14    4    3    3 -43935.843   15    4    3    3 -43942.179   1.000   0.200   1.000   0.200   1.000   0.200   1.000   0.200   1.000   0.200   3.655   1.000   1.000   1.000 
loop 26****CS: 0.122377
  27: -33837.342 -1242.827 -927.617 -6810.395 -1006.396 -107.733  -4.178  -2.792  -2.792   16    4    3    3 -43942.071   13    4    3    3 -43936.991   1.000   0.200   1.000   0.200   1.000   0.200   1.000   0.200   1.000   0.200   4.653   1.000   1.000   1.000 
loop 27  28: -33837.117 -1242.827 -927.617 -6810.395 -1006.396 -107.212  -4.178  -2.792  -2.792   16    4    3    3 -43941.325   15    4    3    3 -43945.511   1.000   0.200   1.000   0.200   1.000   0.200   1.000   0.200   1.000   0.200   6.534   1.000   1.000   1.000 
loop 28  29: -33833.434 -1242.827 -927.617 -6810.395 -1006.396 -108.726  -4.178  -2.792  -2.792   15    4    3    3 -43939.157   15    4    3    3 -43941.451   1.000   0.200   1.000   0.200   1.000   0.200   1.000   0.200   1.000   0.200   6.374   1.000   1.000   1.000 
loop 29  30: -33833.100 -1242.827 -927.617 -6810.395 -1006.396 -110.363  -4.178  -2.792  -2.792   15    4    3    3 -43940.460   15    4    3    3 -43945.222   1.000   0.200   1.000   0.200   1.000   0.200   1.000   0.200   1.000   0.200   5.907   1.000   1.000   1.000 
loop 30  31: -33834.268 -1242.827 -927.617 -6810.395 -1006.396 -104.842  -4.178  -2.792  -2.792   18    4    3    3 -43936.106   13    4    3    3 -43952.135   1.000   0.200   1.000   0.200   1.000   0.200   1.000   0.200   1.000   0.200   5.234   1.000   1.000   1.000 
loop 31****CS: 1.000000
  32: -33839.971 -1242.827 -931.039 -6801.156 -1009.979 -100.252  -4.178  -2.792  -2.792   14    4    3    3 -43934.986   16    4    3    3 -43937.509   1.000   0.200   1.000   0.200   1.000   0.200   1.000   0.200   1.000   0.200   3.035   1.000   1.000   1.000 
loop 32  33: -33840.020 -1242.827 -931.039 -6800.644 -1009.979 -102.509  -4.178  -2.792  -2.792   17    4    3    3 -43936.780   13    4    3    3 -43942.984   1.000   0.200   1.000   0.200   1.000   0.200   1.000   0.200   1.000   0.200   5.153   1.000   1.000   1.000 
loop 33  34: -33840.728 -1242.827 -931.039 -6797.221 -1009.979 -97.848  -4.178  -2.792  -2.792   16    4    3    3 -43929.405   15    4    3    3 -43940.628   1.000   0.200   1.000   0.200   1.000   0.200   1.000   0.200   1.000   0.200   5.667   1.000   1.000   1.000 
loop 34  35: -33834.435 -1242.827 -931.039 -6804.977 -1009.979 -101.168  -4.178  -2.792  -2.792   15    4    3    3 -43934.188   16    4    3    3 -43943.746   1.000   0.200   1.000   0.200   1.000   0.200   1.000   0.200   1.000   0.200   5.219   1.000   1.000   1.000 
loop 35  36: -33833.298 -1242.827 -931.039 -6807.349 -1009.979 -100.211  -4.178  -2.792  -2.792   14    4    3    3 -43934.465   14    4    3    3 -43946.187   1.000   0.200   1.000   0.200   1.000   0.200   1.000   0.200   1.000   0.200   3.142   1.000   1.000   1.000 
loop 36  37: -33840.728 -1242.827 -931.039 -6797.221 -1009.979 -104.254  -4.178  -2.792  -2.792   15    4    3    3 -43935.811   15    4    3    3 -43942.806   1.000   0.200   1.000   0.200   1.000   0.200   1.000   0.200   1.000   0.200   4.310   1.000   1.000   1.000 
loop 37  38: -33840.435 -1242.827 -931.039 -6797.221 -1009.979 -102.757  -4.178  -2.792  -2.792   14    4    3    3 -43934.020   14    4    3    3 -43962.140   1.000   0.200   1.000   0.200   1.000   0.200   1.000   0.200   1.000   0.200   5.129   1.000   1.000   1.000 
loop 38  39: -33834.435 -1242.827 -931.039 -6804.977 -1009.979 -101.703  -4.178  -2.792  -2.792   15    4    3    3 -43934.723   14    4    3    3 -43961.015   1.000   0.200   1.000   0.200   1.000   0.200   1.000   0.200   1.000   0.200   4.885   1.000   1.000   1.000 
loop 39  40: -33836.980 -1242.827 -931.039 -6800.644 -1009.979 -100.181  -4.178  -2.792  -2.792   16    4    3    3 -43931.413   14    4    3    3 -43942.029   1.000   0.200   1.000   0.200   1.000   0.200   1.000   0.200   1.000   0.200   4.495   1.000   1.000   1.000 
